# i, j, num-i, num-j, Delta-num-carbons
0, 0, 1, 1, 0
1, 0, 2, 1, 1
1, 1, 2, 2, 0
2, 0, 3, 1, 2
2, 1, 3, 2, 1
2, 2, 3, 3, 0
3, 0, 4, 1, 3
3, 1, 4, 2, 2
3, 2, 4, 3, 1
3, 3, 4, 4, 0
4, 0, 5, 1, 4
4, 1, 5, 2, 3
4, 2, 5, 3, 2
4, 3, 5, 4, 1
4, 4, 5, 5, 0
5, 0, 6, 1, 5
5, 1, 6, 2, 4
5, 2, 6, 3, 3
5, 3, 6, 4, 2
5, 4, 6, 5, 1
5, 5, 6, 6, 0
6, 0, 7, 1, 6
6, 1, 7, 2, 5
6, 2, 7, 3, 4
6, 3, 7, 4, 3
6, 4, 7, 5, 2
6, 5, 7, 6, 1
6, 6, 7, 7, 0
7, 0, 8, 1, 7
7, 1, 8, 2, 6
7, 2, 8, 3, 5
7, 3, 8, 4, 4
7, 4, 8, 5, 3
7, 5, 8, 6, 2
7, 6, 8, 7, 1
7, 7, 8, 8, 0
8, 0, 9, 1, 8
8, 1, 9, 2, 7
8, 2, 9, 3, 6
8, 3, 9, 4, 5
8, 4, 9, 5, 4
8, 5, 9, 6, 3
8, 6, 9, 7, 2
8, 7, 9, 8, 1
8, 8, 9, 9, 0
9, 0, 10, 1, 9
9, 1, 10, 2, 8
9, 2, 10, 3, 7
9, 3, 10, 4, 6
9, 4, 10, 5, 5
9, 5, 10, 6, 4
9, 6, 10, 7, 3
9, 7, 10, 8, 2
9, 8, 10, 9, 1
9, 9, 10, 10, 0
10, 0, 4, 1, 3
10, 1, 4, 2, 2
10, 2, 4, 3, 1
10, 3, 4, 4, 0
10, 4, 4, 5, 1
10, 5, 4, 6, 2
10, 6, 4, 7, 3
10, 7, 4, 8, 4
10, 8, 4, 9, 5
10, 9, 4, 10, 6
10, 10, 4, 4, 0
11, 0, 5, 1, 4
11, 1, 5, 2, 3
11, 2, 5, 3, 2
11, 3, 5, 4, 1
11, 4, 5, 5, 0
11, 5, 5, 6, 1
11, 6, 5, 7, 2
11, 7, 5, 8, 3
11, 8, 5, 9, 4
11, 9, 5, 10, 5
11, 10, 5, 4, 1
11, 11, 5, 5, 0
12, 0, 6, 1, 5
12, 1, 6, 2, 4
12, 2, 6, 3, 3
12, 3, 6, 4, 2
12, 4, 6, 5, 1
12, 5, 6, 6, 0
12, 6, 6, 7, 1
12, 7, 6, 8, 2
12, 8, 6, 9, 3
12, 9, 6, 10, 4
12, 10, 6, 4, 2
12, 11, 6, 5, 1
12, 12, 6, 6, 0
13, 0, 7, 1, 6
13, 1, 7, 2, 5
13, 2, 7, 3, 4
13, 3, 7, 4, 3
13, 4, 7, 5, 2
13, 5, 7, 6, 1
13, 6, 7, 7, 0
13, 7, 7, 8, 1
13, 8, 7, 9, 2
13, 9, 7, 10, 3
13, 10, 7, 4, 3
13, 11, 7, 5, 2
13, 12, 7, 6, 1
13, 13, 7, 7, 0
14, 0, 8, 1, 7
14, 1, 8, 2, 6
14, 2, 8, 3, 5
14, 3, 8, 4, 4
14, 4, 8, 5, 3
14, 5, 8, 6, 2
14, 6, 8, 7, 1
14, 7, 8, 8, 0
14, 8, 8, 9, 1
14, 9, 8, 10, 2
14, 10, 8, 4, 4
14, 11, 8, 5, 3
14, 12, 8, 6, 2
14, 13, 8, 7, 1
14, 14, 8, 8, 0
15, 0, 9, 1, 8
15, 1, 9, 2, 7
15, 2, 9, 3, 6
15, 3, 9, 4, 5
15, 4, 9, 5, 4
15, 5, 9, 6, 3
15, 6, 9, 7, 2
15, 7, 9, 8, 1
15, 8, 9, 9, 0
15, 9, 9, 10, 1
15, 10, 9, 4, 5
15, 11, 9, 5, 4
15, 12, 9, 6, 3
15, 13, 9, 7, 2
15, 14, 9, 8, 1
15, 15, 9, 9, 0
16, 0, 10, 1, 9
16, 1, 10, 2, 8
16, 2, 10, 3, 7
16, 3, 10, 4, 6
16, 4, 10, 5, 5
16, 5, 10, 6, 4
16, 6, 10, 7, 3
16, 7, 10, 8, 2
16, 8, 10, 9, 1
16, 9, 10, 10, 0
16, 10, 10, 4, 6
16, 11, 10, 5, 5
16, 12, 10, 6, 4
16, 13, 10, 7, 3
16, 14, 10, 8, 2
16, 15, 10, 9, 1
16, 16, 10, 10, 0
17, 0, 6, 1, 5
17, 1, 6, 2, 4
17, 2, 6, 3, 3
17, 3, 6, 4, 2
17, 4, 6, 5, 1
17, 5, 6, 6, 0
17, 6, 6, 7, 1
17, 7, 6, 8, 2
17, 8, 6, 9, 3
17, 9, 6, 10, 4
17, 10, 6, 4, 2
17, 11, 6, 5, 1
17, 12, 6, 6, 0
17, 13, 6, 7, 1
17, 14, 6, 8, 2
17, 15, 6, 9, 3
17, 16, 6, 10, 4
17, 17, 6, 6, 0
18, 0, 7, 1, 6
18, 1, 7, 2, 5
18, 2, 7, 3, 4
18, 3, 7, 4, 3
18, 4, 7, 5, 2
18, 5, 7, 6, 1
18, 6, 7, 7, 0
18, 7, 7, 8, 1
18, 8, 7, 9, 2
18, 9, 7, 10, 3
18, 10, 7, 4, 3
18, 11, 7, 5, 2
18, 12, 7, 6, 1
18, 13, 7, 7, 0
18, 14, 7, 8, 1
18, 15, 7, 9, 2
18, 16, 7, 10, 3
18, 17, 7, 6, 1
18, 18, 7, 7, 0
19, 0, 8, 1, 7
19, 1, 8, 2, 6
19, 2, 8, 3, 5
19, 3, 8, 4, 4
19, 4, 8, 5, 3
19, 5, 8, 6, 2
19, 6, 8, 7, 1
19, 7, 8, 8, 0
19, 8, 8, 9, 1
19, 9, 8, 10, 2
19, 10, 8, 4, 4
19, 11, 8, 5, 3
19, 12, 8, 6, 2
19, 13, 8, 7, 1
19, 14, 8, 8, 0
19, 15, 8, 9, 1
19, 16, 8, 10, 2
19, 17, 8, 6, 2
19, 18, 8, 7, 1
19, 19, 8, 8, 0
20, 0, 9, 1, 8
20, 1, 9, 2, 7
20, 2, 9, 3, 6
20, 3, 9, 4, 5
20, 4, 9, 5, 4
20, 5, 9, 6, 3
20, 6, 9, 7, 2
20, 7, 9, 8, 1
20, 8, 9, 9, 0
20, 9, 9, 10, 1
20, 10, 9, 4, 5
20, 11, 9, 5, 4
20, 12, 9, 6, 3
20, 13, 9, 7, 2
20, 14, 9, 8, 1
20, 15, 9, 9, 0
20, 16, 9, 10, 1
20, 17, 9, 6, 3
20, 18, 9, 7, 2
20, 19, 9, 8, 1
20, 20, 9, 9, 0
21, 0, 8, 1, 7
21, 1, 8, 2, 6
21, 2, 8, 3, 5
21, 3, 8, 4, 4
21, 4, 8, 5, 3
21, 5, 8, 6, 2
21, 6, 8, 7, 1
21, 7, 8, 8, 0
21, 8, 8, 9, 1
21, 9, 8, 10, 2
21, 10, 8, 4, 4
21, 11, 8, 5, 3
21, 12, 8, 6, 2
21, 13, 8, 7, 1
21, 14, 8, 8, 0
21, 15, 8, 9, 1
21, 16, 8, 10, 2
21, 17, 8, 6, 2
21, 18, 8, 7, 1
21, 19, 8, 8, 0
21, 20, 8, 9, 1
21, 21, 8, 8, 0
22, 0, 9, 1, 8
22, 1, 9, 2, 7
22, 2, 9, 3, 6
22, 3, 9, 4, 5
22, 4, 9, 5, 4
22, 5, 9, 6, 3
22, 6, 9, 7, 2
22, 7, 9, 8, 1
22, 8, 9, 9, 0
22, 9, 9, 10, 1
22, 10, 9, 4, 5
22, 11, 9, 5, 4
22, 12, 9, 6, 3
22, 13, 9, 7, 2
22, 14, 9, 8, 1
22, 15, 9, 9, 0
22, 16, 9, 10, 1
22, 17, 9, 6, 3
22, 18, 9, 7, 2
22, 19, 9, 8, 1
22, 20, 9, 9, 0
22, 21, 9, 8, 1
22, 22, 9, 9, 0
23, 0, 5, 1, 4
23, 1, 5, 2, 3
23, 2, 5, 3, 2
23, 3, 5, 4, 1
23, 4, 5, 5, 0
23, 5, 5, 6, 1
23, 6, 5, 7, 2
23, 7, 5, 8, 3
23, 8, 5, 9, 4
23, 9, 5, 10, 5
23, 10, 5, 4, 1
23, 11, 5, 5, 0
23, 12, 5, 6, 1
23, 13, 5, 7, 2
23, 14, 5, 8, 3
23, 15, 5, 9, 4
23, 16, 5, 10, 5
23, 17, 5, 6, 1
23, 18, 5, 7, 2
23, 19, 5, 8, 3
23, 20, 5, 9, 4
23, 21, 5, 8, 3
23, 22, 5, 9, 4
23, 23, 5, 5, 0
24, 0, 6, 1, 5
24, 1, 6, 2, 4
24, 2, 6, 3, 3
24, 3, 6, 4, 2
24, 4, 6, 5, 1
24, 5, 6, 6, 0
24, 6, 6, 7, 1
24, 7, 6, 8, 2
24, 8, 6, 9, 3
24, 9, 6, 10, 4
24, 10, 6, 4, 2
24, 11, 6, 5, 1
24, 12, 6, 6, 0
24, 13, 6, 7, 1
24, 14, 6, 8, 2
24, 15, 6, 9, 3
24, 16, 6, 10, 4
24, 17, 6, 6, 0
24, 18, 6, 7, 1
24, 19, 6, 8, 2
24, 20, 6, 9, 3
24, 21, 6, 8, 2
24, 22, 6, 9, 3
24, 23, 6, 5, 1
24, 24, 6, 6, 0
25, 0, 7, 1, 6
25, 1, 7, 2, 5
25, 2, 7, 3, 4
25, 3, 7, 4, 3
25, 4, 7, 5, 2
25, 5, 7, 6, 1
25, 6, 7, 7, 0
25, 7, 7, 8, 1
25, 8, 7, 9, 2
25, 9, 7, 10, 3
25, 10, 7, 4, 3
25, 11, 7, 5, 2
25, 12, 7, 6, 1
25, 13, 7, 7, 0
25, 14, 7, 8, 1
25, 15, 7, 9, 2
25, 16, 7, 10, 3
25, 17, 7, 6, 1
25, 18, 7, 7, 0
25, 19, 7, 8, 1
25, 20, 7, 9, 2
25, 21, 7, 8, 1
25, 22, 7, 9, 2
25, 23, 7, 5, 2
25, 24, 7, 6, 1
25, 25, 7, 7, 0
26, 0, 8, 1, 7
26, 1, 8, 2, 6
26, 2, 8, 3, 5
26, 3, 8, 4, 4
26, 4, 8, 5, 3
26, 5, 8, 6, 2
26, 6, 8, 7, 1
26, 7, 8, 8, 0
26, 8, 8, 9, 1
26, 9, 8, 10, 2
26, 10, 8, 4, 4
26, 11, 8, 5, 3
26, 12, 8, 6, 2
26, 13, 8, 7, 1
26, 14, 8, 8, 0
26, 15, 8, 9, 1
26, 16, 8, 10, 2
26, 17, 8, 6, 2
26, 18, 8, 7, 1
26, 19, 8, 8, 0
26, 20, 8, 9, 1
26, 21, 8, 8, 0
26, 22, 8, 9, 1
26, 23, 8, 5, 3
26, 24, 8, 6, 2
26, 25, 8, 7, 1
26, 26, 8, 8, 0
27, 0, 6, 1, 5
27, 1, 6, 2, 4
27, 2, 6, 3, 3
27, 3, 6, 4, 2
27, 4, 6, 5, 1
27, 5, 6, 6, 0
27, 6, 6, 7, 1
27, 7, 6, 8, 2
27, 8, 6, 9, 3
27, 9, 6, 10, 4
27, 10, 6, 4, 2
27, 11, 6, 5, 1
27, 12, 6, 6, 0
27, 13, 6, 7, 1
27, 14, 6, 8, 2
27, 15, 6, 9, 3
27, 16, 6, 10, 4
27, 17, 6, 6, 0
27, 18, 6, 7, 1
27, 19, 6, 8, 2
27, 20, 6, 9, 3
27, 21, 6, 8, 2
27, 22, 6, 9, 3
27, 23, 6, 5, 1
27, 24, 6, 6, 0
27, 25, 6, 7, 1
27, 26, 6, 8, 2
27, 27, 6, 6, 0
28, 0, 7, 1, 6
28, 1, 7, 2, 5
28, 2, 7, 3, 4
28, 3, 7, 4, 3
28, 4, 7, 5, 2
28, 5, 7, 6, 1
28, 6, 7, 7, 0
28, 7, 7, 8, 1
28, 8, 7, 9, 2
28, 9, 7, 10, 3
28, 10, 7, 4, 3
28, 11, 7, 5, 2
28, 12, 7, 6, 1
28, 13, 7, 7, 0
28, 14, 7, 8, 1
28, 15, 7, 9, 2
28, 16, 7, 10, 3
28, 17, 7, 6, 1
28, 18, 7, 7, 0
28, 19, 7, 8, 1
28, 20, 7, 9, 2
28, 21, 7, 8, 1
28, 22, 7, 9, 2
28, 23, 7, 5, 2
28, 24, 7, 6, 1
28, 25, 7, 7, 0
28, 26, 7, 8, 1
28, 27, 7, 6, 1
28, 28, 7, 7, 0
29, 0, 8, 1, 7
29, 1, 8, 2, 6
29, 2, 8, 3, 5
29, 3, 8, 4, 4
29, 4, 8, 5, 3
29, 5, 8, 6, 2
29, 6, 8, 7, 1
29, 7, 8, 8, 0
29, 8, 8, 9, 1
29, 9, 8, 10, 2
29, 10, 8, 4, 4
29, 11, 8, 5, 3
29, 12, 8, 6, 2
29, 13, 8, 7, 1
29, 14, 8, 8, 0
29, 15, 8, 9, 1
29, 16, 8, 10, 2
29, 17, 8, 6, 2
29, 18, 8, 7, 1
29, 19, 8, 8, 0
29, 20, 8, 9, 1
29, 21, 8, 8, 0
29, 22, 8, 9, 1
29, 23, 8, 5, 3
29, 24, 8, 6, 2
29, 25, 8, 7, 1
29, 26, 8, 8, 0
29, 27, 8, 6, 2
29, 28, 8, 7, 1
29, 29, 8, 8, 0
30, 0, 7, 1, 6
30, 1, 7, 2, 5
30, 2, 7, 3, 4
30, 3, 7, 4, 3
30, 4, 7, 5, 2
30, 5, 7, 6, 1
30, 6, 7, 7, 0
30, 7, 7, 8, 1
30, 8, 7, 9, 2
30, 9, 7, 10, 3
30, 10, 7, 4, 3
30, 11, 7, 5, 2
30, 12, 7, 6, 1
30, 13, 7, 7, 0
30, 14, 7, 8, 1
30, 15, 7, 9, 2
30, 16, 7, 10, 3
30, 17, 7, 6, 1
30, 18, 7, 7, 0
30, 19, 7, 8, 1
30, 20, 7, 9, 2
30, 21, 7, 8, 1
30, 22, 7, 9, 2
30, 23, 7, 5, 2
30, 24, 7, 6, 1
30, 25, 7, 7, 0
30, 26, 7, 8, 1
30, 27, 7, 6, 1
30, 28, 7, 7, 0
30, 29, 7, 8, 1
30, 30, 7, 7, 0
31, 0, 8, 1, 7
31, 1, 8, 2, 6
31, 2, 8, 3, 5
31, 3, 8, 4, 4
31, 4, 8, 5, 3
31, 5, 8, 6, 2
31, 6, 8, 7, 1
31, 7, 8, 8, 0
31, 8, 8, 9, 1
31, 9, 8, 10, 2
31, 10, 8, 4, 4
31, 11, 8, 5, 3
31, 12, 8, 6, 2
31, 13, 8, 7, 1
31, 14, 8, 8, 0
31, 15, 8, 9, 1
31, 16, 8, 10, 2
31, 17, 8, 6, 2
31, 18, 8, 7, 1
31, 19, 8, 8, 0
31, 20, 8, 9, 1
31, 21, 8, 8, 0
31, 22, 8, 9, 1
31, 23, 8, 5, 3
31, 24, 8, 6, 2
31, 25, 8, 7, 1
31, 26, 8, 8, 0
31, 27, 8, 6, 2
31, 28, 8, 7, 1
31, 29, 8, 8, 0
31, 30, 8, 7, 1
31, 31, 8, 8, 0
32, 0, 8, 1, 7
32, 1, 8, 2, 6
32, 2, 8, 3, 5
32, 3, 8, 4, 4
32, 4, 8, 5, 3
32, 5, 8, 6, 2
32, 6, 8, 7, 1
32, 7, 8, 8, 0
32, 8, 8, 9, 1
32, 9, 8, 10, 2
32, 10, 8, 4, 4
32, 11, 8, 5, 3
32, 12, 8, 6, 2
32, 13, 8, 7, 1
32, 14, 8, 8, 0
32, 15, 8, 9, 1
32, 16, 8, 10, 2
32, 17, 8, 6, 2
32, 18, 8, 7, 1
32, 19, 8, 8, 0
32, 20, 8, 9, 1
32, 21, 8, 8, 0
32, 22, 8, 9, 1
32, 23, 8, 5, 3
32, 24, 8, 6, 2
32, 25, 8, 7, 1
32, 26, 8, 8, 0
32, 27, 8, 6, 2
32, 28, 8, 7, 1
32, 29, 8, 8, 0
32, 30, 8, 7, 1
32, 31, 8, 8, 0
32, 32, 8, 8, 0
33, 0, 7, 1, 6
33, 1, 7, 2, 5
33, 2, 7, 3, 4
33, 3, 7, 4, 3
33, 4, 7, 5, 2
33, 5, 7, 6, 1
33, 6, 7, 7, 0
33, 7, 7, 8, 1
33, 8, 7, 9, 2
33, 9, 7, 10, 3
33, 10, 7, 4, 3
33, 11, 7, 5, 2
33, 12, 7, 6, 1
33, 13, 7, 7, 0
33, 14, 7, 8, 1
33, 15, 7, 9, 2
33, 16, 7, 10, 3
33, 17, 7, 6, 1
33, 18, 7, 7, 0
33, 19, 7, 8, 1
33, 20, 7, 9, 2
33, 21, 7, 8, 1
33, 22, 7, 9, 2
33, 23, 7, 5, 2
33, 24, 7, 6, 1
33, 25, 7, 7, 0
33, 26, 7, 8, 1
33, 27, 7, 6, 1
33, 28, 7, 7, 0
33, 29, 7, 8, 1
33, 30, 7, 7, 0
33, 31, 7, 8, 1
33, 32, 7, 8, 1
33, 33, 7, 7, 0
34, 0, 8, 1, 7
34, 1, 8, 2, 6
34, 2, 8, 3, 5
34, 3, 8, 4, 4
34, 4, 8, 5, 3
34, 5, 8, 6, 2
34, 6, 8, 7, 1
34, 7, 8, 8, 0
34, 8, 8, 9, 1
34, 9, 8, 10, 2
34, 10, 8, 4, 4
34, 11, 8, 5, 3
34, 12, 8, 6, 2
34, 13, 8, 7, 1
34, 14, 8, 8, 0
34, 15, 8, 9, 1
34, 16, 8, 10, 2
34, 17, 8, 6, 2
34, 18, 8, 7, 1
34, 19, 8, 8, 0
34, 20, 8, 9, 1
34, 21, 8, 8, 0
34, 22, 8, 9, 1
34, 23, 8, 5, 3
34, 24, 8, 6, 2
34, 25, 8, 7, 1
34, 26, 8, 8, 0
34, 27, 8, 6, 2
34, 28, 8, 7, 1
34, 29, 8, 8, 0
34, 30, 8, 7, 1
34, 31, 8, 8, 0
34, 32, 8, 8, 0
34, 33, 8, 7, 1
34, 34, 8, 8, 0
35, 0, 8, 1, 7
35, 1, 8, 2, 6
35, 2, 8, 3, 5
35, 3, 8, 4, 4
35, 4, 8, 5, 3
35, 5, 8, 6, 2
35, 6, 8, 7, 1
35, 7, 8, 8, 0
35, 8, 8, 9, 1
35, 9, 8, 10, 2
35, 10, 8, 4, 4
35, 11, 8, 5, 3
35, 12, 8, 6, 2
35, 13, 8, 7, 1
35, 14, 8, 8, 0
35, 15, 8, 9, 1
35, 16, 8, 10, 2
35, 17, 8, 6, 2
35, 18, 8, 7, 1
35, 19, 8, 8, 0
35, 20, 8, 9, 1
35, 21, 8, 8, 0
35, 22, 8, 9, 1
35, 23, 8, 5, 3
35, 24, 8, 6, 2
35, 25, 8, 7, 1
35, 26, 8, 8, 0
35, 27, 8, 6, 2
35, 28, 8, 7, 1
35, 29, 8, 8, 0
35, 30, 8, 7, 1
35, 31, 8, 8, 0
35, 32, 8, 8, 0
35, 33, 8, 7, 1
35, 34, 8, 8, 0
35, 35, 8, 8, 0
36, 0, 7, 1, 6
36, 1, 7, 2, 5
36, 2, 7, 3, 4
36, 3, 7, 4, 3
36, 4, 7, 5, 2
36, 5, 7, 6, 1
36, 6, 7, 7, 0
36, 7, 7, 8, 1
36, 8, 7, 9, 2
36, 9, 7, 10, 3
36, 10, 7, 4, 3
36, 11, 7, 5, 2
36, 12, 7, 6, 1
36, 13, 7, 7, 0
36, 14, 7, 8, 1
36, 15, 7, 9, 2
36, 16, 7, 10, 3
36, 17, 7, 6, 1
36, 18, 7, 7, 0
36, 19, 7, 8, 1
36, 20, 7, 9, 2
36, 21, 7, 8, 1
36, 22, 7, 9, 2
36, 23, 7, 5, 2
36, 24, 7, 6, 1
36, 25, 7, 7, 0
36, 26, 7, 8, 1
36, 27, 7, 6, 1
36, 28, 7, 7, 0
36, 29, 7, 8, 1
36, 30, 7, 7, 0
36, 31, 7, 8, 1
36, 32, 7, 8, 1
36, 33, 7, 7, 0
36, 34, 7, 8, 1
36, 35, 7, 8, 1
36, 36, 7, 7, 0
37, 0, 8, 1, 7
37, 1, 8, 2, 6
37, 2, 8, 3, 5
37, 3, 8, 4, 4
37, 4, 8, 5, 3
37, 5, 8, 6, 2
37, 6, 8, 7, 1
37, 7, 8, 8, 0
37, 8, 8, 9, 1
37, 9, 8, 10, 2
37, 10, 8, 4, 4
37, 11, 8, 5, 3
37, 12, 8, 6, 2
37, 13, 8, 7, 1
37, 14, 8, 8, 0
37, 15, 8, 9, 1
37, 16, 8, 10, 2
37, 17, 8, 6, 2
37, 18, 8, 7, 1
37, 19, 8, 8, 0
37, 20, 8, 9, 1
37, 21, 8, 8, 0
37, 22, 8, 9, 1
37, 23, 8, 5, 3
37, 24, 8, 6, 2
37, 25, 8, 7, 1
37, 26, 8, 8, 0
37, 27, 8, 6, 2
37, 28, 8, 7, 1
37, 29, 8, 8, 0
37, 30, 8, 7, 1
37, 31, 8, 8, 0
37, 32, 8, 8, 0
37, 33, 8, 7, 1
37, 34, 8, 8, 0
37, 35, 8, 8, 0
37, 36, 8, 7, 1
37, 37, 8, 8, 0
38, 0, 8, 1, 7
38, 1, 8, 2, 6
38, 2, 8, 3, 5
38, 3, 8, 4, 4
38, 4, 8, 5, 3
38, 5, 8, 6, 2
38, 6, 8, 7, 1
38, 7, 8, 8, 0
38, 8, 8, 9, 1
38, 9, 8, 10, 2
38, 10, 8, 4, 4
38, 11, 8, 5, 3
38, 12, 8, 6, 2
38, 13, 8, 7, 1
38, 14, 8, 8, 0
38, 15, 8, 9, 1
38, 16, 8, 10, 2
38, 17, 8, 6, 2
38, 18, 8, 7, 1
38, 19, 8, 8, 0
38, 20, 8, 9, 1
38, 21, 8, 8, 0
38, 22, 8, 9, 1
38, 23, 8, 5, 3
38, 24, 8, 6, 2
38, 25, 8, 7, 1
38, 26, 8, 8, 0
38, 27, 8, 6, 2
38, 28, 8, 7, 1
38, 29, 8, 8, 0
38, 30, 8, 7, 1
38, 31, 8, 8, 0
38, 32, 8, 8, 0
38, 33, 8, 7, 1
38, 34, 8, 8, 0
38, 35, 8, 8, 0
38, 36, 8, 7, 1
38, 37, 8, 8, 0
38, 38, 8, 8, 0
39, 0, 8, 1, 7
39, 1, 8, 2, 6
39, 2, 8, 3, 5
39, 3, 8, 4, 4
39, 4, 8, 5, 3
39, 5, 8, 6, 2
39, 6, 8, 7, 1
39, 7, 8, 8, 0
39, 8, 8, 9, 1
39, 9, 8, 10, 2
39, 10, 8, 4, 4
39, 11, 8, 5, 3
39, 12, 8, 6, 2
39, 13, 8, 7, 1
39, 14, 8, 8, 0
39, 15, 8, 9, 1
39, 16, 8, 10, 2
39, 17, 8, 6, 2
39, 18, 8, 7, 1
39, 19, 8, 8, 0
39, 20, 8, 9, 1
39, 21, 8, 8, 0
39, 22, 8, 9, 1
39, 23, 8, 5, 3
39, 24, 8, 6, 2
39, 25, 8, 7, 1
39, 26, 8, 8, 0
39, 27, 8, 6, 2
39, 28, 8, 7, 1
39, 29, 8, 8, 0
39, 30, 8, 7, 1
39, 31, 8, 8, 0
39, 32, 8, 8, 0
39, 33, 8, 7, 1
39, 34, 8, 8, 0
39, 35, 8, 8, 0
39, 36, 8, 7, 1
39, 37, 8, 8, 0
39, 38, 8, 8, 0
39, 39, 8, 8, 0
40, 0, 8, 1, 7
40, 1, 8, 2, 6
40, 2, 8, 3, 5
40, 3, 8, 4, 4
40, 4, 8, 5, 3
40, 5, 8, 6, 2
40, 6, 8, 7, 1
40, 7, 8, 8, 0
40, 8, 8, 9, 1
40, 9, 8, 10, 2
40, 10, 8, 4, 4
40, 11, 8, 5, 3
40, 12, 8, 6, 2
40, 13, 8, 7, 1
40, 14, 8, 8, 0
40, 15, 8, 9, 1
40, 16, 8, 10, 2
40, 17, 8, 6, 2
40, 18, 8, 7, 1
40, 19, 8, 8, 0
40, 20, 8, 9, 1
40, 21, 8, 8, 0
40, 22, 8, 9, 1
40, 23, 8, 5, 3
40, 24, 8, 6, 2
40, 25, 8, 7, 1
40, 26, 8, 8, 0
40, 27, 8, 6, 2
40, 28, 8, 7, 1
40, 29, 8, 8, 0
40, 30, 8, 7, 1
40, 31, 8, 8, 0
40, 32, 8, 8, 0
40, 33, 8, 7, 1
40, 34, 8, 8, 0
40, 35, 8, 8, 0
40, 36, 8, 7, 1
40, 37, 8, 8, 0
40, 38, 8, 8, 0
40, 39, 8, 8, 0
40, 40, 8, 8, 0
41, 0, 8, 1, 7
41, 1, 8, 2, 6
41, 2, 8, 3, 5
41, 3, 8, 4, 4
41, 4, 8, 5, 3
41, 5, 8, 6, 2
41, 6, 8, 7, 1
41, 7, 8, 8, 0
41, 8, 8, 9, 1
41, 9, 8, 10, 2
41, 10, 8, 4, 4
41, 11, 8, 5, 3
41, 12, 8, 6, 2
41, 13, 8, 7, 1
41, 14, 8, 8, 0
41, 15, 8, 9, 1
41, 16, 8, 10, 2
41, 17, 8, 6, 2
41, 18, 8, 7, 1
41, 19, 8, 8, 0
41, 20, 8, 9, 1
41, 21, 8, 8, 0
41, 22, 8, 9, 1
41, 23, 8, 5, 3
41, 24, 8, 6, 2
41, 25, 8, 7, 1
41, 26, 8, 8, 0
41, 27, 8, 6, 2
41, 28, 8, 7, 1
41, 29, 8, 8, 0
41, 30, 8, 7, 1
41, 31, 8, 8, 0
41, 32, 8, 8, 0
41, 33, 8, 7, 1
41, 34, 8, 8, 0
41, 35, 8, 8, 0
41, 36, 8, 7, 1
41, 37, 8, 8, 0
41, 38, 8, 8, 0
41, 39, 8, 8, 0
41, 40, 8, 8, 0
41, 41, 8, 8, 0
42, 0, 9, 1, 8
42, 1, 9, 2, 7
42, 2, 9, 3, 6
42, 3, 9, 4, 5
42, 4, 9, 5, 4
42, 5, 9, 6, 3
42, 6, 9, 7, 2
42, 7, 9, 8, 1
42, 8, 9, 9, 0
42, 9, 9, 10, 1
42, 10, 9, 4, 5
42, 11, 9, 5, 4
42, 12, 9, 6, 3
42, 13, 9, 7, 2
42, 14, 9, 8, 1
42, 15, 9, 9, 0
42, 16, 9, 10, 1
42, 17, 9, 6, 3
42, 18, 9, 7, 2
42, 19, 9, 8, 1
42, 20, 9, 9, 0
42, 21, 9, 8, 1
42, 22, 9, 9, 0
42, 23, 9, 5, 4
42, 24, 9, 6, 3
42, 25, 9, 7, 2
42, 26, 9, 8, 1
42, 27, 9, 6, 3
42, 28, 9, 7, 2
42, 29, 9, 8, 1
42, 30, 9, 7, 2
42, 31, 9, 8, 1
42, 32, 9, 8, 1
42, 33, 9, 7, 2
42, 34, 9, 8, 1
42, 35, 9, 8, 1
42, 36, 9, 7, 2
42, 37, 9, 8, 1
42, 38, 9, 8, 1
42, 39, 9, 8, 1
42, 40, 9, 8, 1
42, 41, 9, 8, 1
42, 42, 9, 9, 0
43, 0, 10, 1, 9
43, 1, 10, 2, 8
43, 2, 10, 3, 7
43, 3, 10, 4, 6
43, 4, 10, 5, 5
43, 5, 10, 6, 4
43, 6, 10, 7, 3
43, 7, 10, 8, 2
43, 8, 10, 9, 1
43, 9, 10, 10, 0
43, 10, 10, 4, 6
43, 11, 10, 5, 5
43, 12, 10, 6, 4
43, 13, 10, 7, 3
43, 14, 10, 8, 2
43, 15, 10, 9, 1
43, 16, 10, 10, 0
43, 17, 10, 6, 4
43, 18, 10, 7, 3
43, 19, 10, 8, 2
43, 20, 10, 9, 1
43, 21, 10, 8, 2
43, 22, 10, 9, 1
43, 23, 10, 5, 5
43, 24, 10, 6, 4
43, 25, 10, 7, 3
43, 26, 10, 8, 2
43, 27, 10, 6, 4
43, 28, 10, 7, 3
43, 29, 10, 8, 2
43, 30, 10, 7, 3
43, 31, 10, 8, 2
43, 32, 10, 8, 2
43, 33, 10, 7, 3
43, 34, 10, 8, 2
43, 35, 10, 8, 2
43, 36, 10, 7, 3
43, 37, 10, 8, 2
43, 38, 10, 8, 2
43, 39, 10, 8, 2
43, 40, 10, 8, 2
43, 41, 10, 8, 2
43, 42, 10, 9, 1
43, 43, 10, 10, 0
44, 0, 10, 1, 9
44, 1, 10, 2, 8
44, 2, 10, 3, 7
44, 3, 10, 4, 6
44, 4, 10, 5, 5
44, 5, 10, 6, 4
44, 6, 10, 7, 3
44, 7, 10, 8, 2
44, 8, 10, 9, 1
44, 9, 10, 10, 0
44, 10, 10, 4, 6
44, 11, 10, 5, 5
44, 12, 10, 6, 4
44, 13, 10, 7, 3
44, 14, 10, 8, 2
44, 15, 10, 9, 1
44, 16, 10, 10, 0
44, 17, 10, 6, 4
44, 18, 10, 7, 3
44, 19, 10, 8, 2
44, 20, 10, 9, 1
44, 21, 10, 8, 2
44, 22, 10, 9, 1
44, 23, 10, 5, 5
44, 24, 10, 6, 4
44, 25, 10, 7, 3
44, 26, 10, 8, 2
44, 27, 10, 6, 4
44, 28, 10, 7, 3
44, 29, 10, 8, 2
44, 30, 10, 7, 3
44, 31, 10, 8, 2
44, 32, 10, 8, 2
44, 33, 10, 7, 3
44, 34, 10, 8, 2
44, 35, 10, 8, 2
44, 36, 10, 7, 3
44, 37, 10, 8, 2
44, 38, 10, 8, 2
44, 39, 10, 8, 2
44, 40, 10, 8, 2
44, 41, 10, 8, 2
44, 42, 10, 9, 1
44, 43, 10, 10, 0
44, 44, 10, 10, 0
45, 0, 9, 1, 8
45, 1, 9, 2, 7
45, 2, 9, 3, 6
45, 3, 9, 4, 5
45, 4, 9, 5, 4
45, 5, 9, 6, 3
45, 6, 9, 7, 2
45, 7, 9, 8, 1
45, 8, 9, 9, 0
45, 9, 9, 10, 1
45, 10, 9, 4, 5
45, 11, 9, 5, 4
45, 12, 9, 6, 3
45, 13, 9, 7, 2
45, 14, 9, 8, 1
45, 15, 9, 9, 0
45, 16, 9, 10, 1
45, 17, 9, 6, 3
45, 18, 9, 7, 2
45, 19, 9, 8, 1
45, 20, 9, 9, 0
45, 21, 9, 8, 1
45, 22, 9, 9, 0
45, 23, 9, 5, 4
45, 24, 9, 6, 3
45, 25, 9, 7, 2
45, 26, 9, 8, 1
45, 27, 9, 6, 3
45, 28, 9, 7, 2
45, 29, 9, 8, 1
45, 30, 9, 7, 2
45, 31, 9, 8, 1
45, 32, 9, 8, 1
45, 33, 9, 7, 2
45, 34, 9, 8, 1
45, 35, 9, 8, 1
45, 36, 9, 7, 2
45, 37, 9, 8, 1
45, 38, 9, 8, 1
45, 39, 9, 8, 1
45, 40, 9, 8, 1
45, 41, 9, 8, 1
45, 42, 9, 9, 0
45, 43, 9, 10, 1
45, 44, 9, 10, 1
45, 45, 9, 9, 0
46, 0, 9, 1, 8
46, 1, 9, 2, 7
46, 2, 9, 3, 6
46, 3, 9, 4, 5
46, 4, 9, 5, 4
46, 5, 9, 6, 3
46, 6, 9, 7, 2
46, 7, 9, 8, 1
46, 8, 9, 9, 0
46, 9, 9, 10, 1
46, 10, 9, 4, 5
46, 11, 9, 5, 4
46, 12, 9, 6, 3
46, 13, 9, 7, 2
46, 14, 9, 8, 1
46, 15, 9, 9, 0
46, 16, 9, 10, 1
46, 17, 9, 6, 3
46, 18, 9, 7, 2
46, 19, 9, 8, 1
46, 20, 9, 9, 0
46, 21, 9, 8, 1
46, 22, 9, 9, 0
46, 23, 9, 5, 4
46, 24, 9, 6, 3
46, 25, 9, 7, 2
46, 26, 9, 8, 1
46, 27, 9, 6, 3
46, 28, 9, 7, 2
46, 29, 9, 8, 1
46, 30, 9, 7, 2
46, 31, 9, 8, 1
46, 32, 9, 8, 1
46, 33, 9, 7, 2
46, 34, 9, 8, 1
46, 35, 9, 8, 1
46, 36, 9, 7, 2
46, 37, 9, 8, 1
46, 38, 9, 8, 1
46, 39, 9, 8, 1
46, 40, 9, 8, 1
46, 41, 9, 8, 1
46, 42, 9, 9, 0
46, 43, 9, 10, 1
46, 44, 9, 10, 1
46, 45, 9, 9, 0
46, 46, 9, 9, 0
47, 0, 9, 1, 8
47, 1, 9, 2, 7
47, 2, 9, 3, 6
47, 3, 9, 4, 5
47, 4, 9, 5, 4
47, 5, 9, 6, 3
47, 6, 9, 7, 2
47, 7, 9, 8, 1
47, 8, 9, 9, 0
47, 9, 9, 10, 1
47, 10, 9, 4, 5
47, 11, 9, 5, 4
47, 12, 9, 6, 3
47, 13, 9, 7, 2
47, 14, 9, 8, 1
47, 15, 9, 9, 0
47, 16, 9, 10, 1
47, 17, 9, 6, 3
47, 18, 9, 7, 2
47, 19, 9, 8, 1
47, 20, 9, 9, 0
47, 21, 9, 8, 1
47, 22, 9, 9, 0
47, 23, 9, 5, 4
47, 24, 9, 6, 3
47, 25, 9, 7, 2
47, 26, 9, 8, 1
47, 27, 9, 6, 3
47, 28, 9, 7, 2
47, 29, 9, 8, 1
47, 30, 9, 7, 2
47, 31, 9, 8, 1
47, 32, 9, 8, 1
47, 33, 9, 7, 2
47, 34, 9, 8, 1
47, 35, 9, 8, 1
47, 36, 9, 7, 2
47, 37, 9, 8, 1
47, 38, 9, 8, 1
47, 39, 9, 8, 1
47, 40, 9, 8, 1
47, 41, 9, 8, 1
47, 42, 9, 9, 0
47, 43, 9, 10, 1
47, 44, 9, 10, 1
47, 45, 9, 9, 0
47, 46, 9, 9, 0
47, 47, 9, 9, 0
48, 0, 7, 1, 6
48, 1, 7, 2, 5
48, 2, 7, 3, 4
48, 3, 7, 4, 3
48, 4, 7, 5, 2
48, 5, 7, 6, 1
48, 6, 7, 7, 0
48, 7, 7, 8, 1
48, 8, 7, 9, 2
48, 9, 7, 10, 3
48, 10, 7, 4, 3
48, 11, 7, 5, 2
48, 12, 7, 6, 1
48, 13, 7, 7, 0
48, 14, 7, 8, 1
48, 15, 7, 9, 2
48, 16, 7, 10, 3
48, 17, 7, 6, 1
48, 18, 7, 7, 0
48, 19, 7, 8, 1
48, 20, 7, 9, 2
48, 21, 7, 8, 1
48, 22, 7, 9, 2
48, 23, 7, 5, 2
48, 24, 7, 6, 1
48, 25, 7, 7, 0
48, 26, 7, 8, 1
48, 27, 7, 6, 1
48, 28, 7, 7, 0
48, 29, 7, 8, 1
48, 30, 7, 7, 0
48, 31, 7, 8, 1
48, 32, 7, 8, 1
48, 33, 7, 7, 0
48, 34, 7, 8, 1
48, 35, 7, 8, 1
48, 36, 7, 7, 0
48, 37, 7, 8, 1
48, 38, 7, 8, 1
48, 39, 7, 8, 1
48, 40, 7, 8, 1
48, 41, 7, 8, 1
48, 42, 7, 9, 2
48, 43, 7, 10, 3
48, 44, 7, 10, 3
48, 45, 7, 9, 2
48, 46, 7, 9, 2
48, 47, 7, 9, 2
48, 48, 7, 7, 0
49, 0, 8, 1, 7
49, 1, 8, 2, 6
49, 2, 8, 3, 5
49, 3, 8, 4, 4
49, 4, 8, 5, 3
49, 5, 8, 6, 2
49, 6, 8, 7, 1
49, 7, 8, 8, 0
49, 8, 8, 9, 1
49, 9, 8, 10, 2
49, 10, 8, 4, 4
49, 11, 8, 5, 3
49, 12, 8, 6, 2
49, 13, 8, 7, 1
49, 14, 8, 8, 0
49, 15, 8, 9, 1
49, 16, 8, 10, 2
49, 17, 8, 6, 2
49, 18, 8, 7, 1
49, 19, 8, 8, 0
49, 20, 8, 9, 1
49, 21, 8, 8, 0
49, 22, 8, 9, 1
49, 23, 8, 5, 3
49, 24, 8, 6, 2
49, 25, 8, 7, 1
49, 26, 8, 8, 0
49, 27, 8, 6, 2
49, 28, 8, 7, 1
49, 29, 8, 8, 0
49, 30, 8, 7, 1
49, 31, 8, 8, 0
49, 32, 8, 8, 0
49, 33, 8, 7, 1
49, 34, 8, 8, 0
49, 35, 8, 8, 0
49, 36, 8, 7, 1
49, 37, 8, 8, 0
49, 38, 8, 8, 0
49, 39, 8, 8, 0
49, 40, 8, 8, 0
49, 41, 8, 8, 0
49, 42, 8, 9, 1
49, 43, 8, 10, 2
49, 44, 8, 10, 2
49, 45, 8, 9, 1
49, 46, 8, 9, 1
49, 47, 8, 9, 1
49, 48, 8, 7, 1
49, 49, 8, 8, 0
