# primitive_MRO = (<class 'qiskit.primitives.statevector_sampler.StatevectorSampler'>, <class 'qiskit.primitives.base.base_sampler.BaseSamplerV2'>, <class 'abc.ABC'>, <class 'object'>)
# num_shots = 10000
# encoding_layer_config = {'n_layers': 1, 'initial_layer': 'ry', 'entangling_layer': 'rzz', 'n_atom_to_qubit': 1, 'interleaved': None}
# noise_model_path = /Users/dilhan.manawadu/Projects/quantum-molecular-encodings/data/fig4/../../data/backends/fez_2024_12_22.noise_model.pkl
# backend_path = /Users/dilhan.manawadu/Projects/quantum-molecular-encodings/data/fig4/../../data/backends/fez_2024_12_22.backend_image.pkl
# sampler_type = statevector
# i, j, expectation-value
0, 0, 1.0
1, 0, 0.3557
1, 1, 1.0
2, 0, 0.2463
2, 1, 0.352
2, 2, 1.0
3, 0, 0.167
3, 1, 0.2401
3, 2, 0.3521
3, 3, 1.0
4, 0, 0.1129
4, 1, 0.1728
4, 2, 0.2421
4, 3, 0.3519
4, 4, 1.0
5, 0, 0.0775
5, 1, 0.1138
5, 2, 0.1652
5, 3, 0.2434
5, 4, 0.3492
5, 5, 1.0
6, 0, 0.0604
6, 1, 0.0819
6, 2, 0.1169
6, 3, 0.1674
6, 4, 0.2485
6, 5, 0.3548
6, 6, 1.0
7, 0, 0.0348
7, 1, 0.0538
7, 2, 0.0849
7, 3, 0.1141
7, 4, 0.1685
7, 5, 0.2469
7, 6, 0.3524
7, 7, 1.0
8, 0, 0.0245
8, 1, 0.0358
8, 2, 0.055
8, 3, 0.0872
8, 4, 0.116
8, 5, 0.1623
8, 6, 0.2454
8, 7, 0.3602
8, 8, 1.0
9, 0, 0.0712
9, 1, 0.3599
9, 2, 0.2654
9, 3, 0.0958
9, 4, 0.0636
9, 5, 0.0473
9, 6, 0.0319
9, 7, 0.0193
9, 8, 0.0161
9, 9, 1.0
10, 0, 0.0496
10, 1, 0.252
10, 2, 0.0945
10, 3, 0.2688
10, 4, 0.0895
10, 5, 0.0658
10, 6, 0.0457
10, 7, 0.0296
10, 8, 0.0238
10, 9, 0.359
10, 10, 1.0
11, 0, 0.0352
11, 1, 0.1652
11, 2, 0.064
11, 3, 0.0971
11, 4, 0.27
11, 5, 0.0954
11, 6, 0.0657
11, 7, 0.0466
11, 8, 0.0343
11, 9, 0.2428
11, 10, 0.3604
11, 11, 1.0
12, 0, 0.0227
12, 1, 0.1156
12, 2, 0.0444
12, 3, 0.0645
12, 4, 0.0958
12, 5, 0.2696
12, 6, 0.0929
12, 7, 0.0637
12, 8, 0.0444
12, 9, 0.1672
12, 10, 0.2479
12, 11, 0.3568
12, 12, 1.0
13, 0, 0.0159
13, 1, 0.0804
13, 2, 0.0286
13, 3, 0.0441
13, 4, 0.0692
13, 5, 0.0931
13, 6, 0.2613
13, 7, 0.0933
13, 8, 0.0632
13, 9, 0.1171
13, 10, 0.1625
13, 11, 0.2373
13, 12, 0.3533
13, 13, 1.0
14, 0, 0.0133
14, 1, 0.0587
14, 2, 0.0245
14, 3, 0.033
14, 4, 0.0426
14, 5, 0.0678
14, 6, 0.093
14, 7, 0.2591
14, 8, 0.095
14, 9, 0.0766
14, 10, 0.1163
14, 11, 0.1684
14, 12, 0.2382
14, 13, 0.3473
14, 14, 1.0
15, 0, 0.0068
15, 1, 0.0368
15, 2, 0.0144
15, 3, 0.02
15, 4, 0.0304
15, 5, 0.0416
15, 6, 0.0627
15, 7, 0.087
15, 8, 0.2692
15, 9, 0.0534
15, 10, 0.08
15, 11, 0.1131
15, 12, 0.1688
15, 13, 0.2417
15, 14, 0.3509
15, 15, 1.0
16, 0, 0.0136
16, 1, 0.0015
16, 2, 0.0006
16, 3, 0.0052
16, 4, 0.0026
16, 5, 0.0008
16, 6, 0.0007
16, 7, 0.0005
16, 8, 0.0
16, 9, 0.0027
16, 10, 0.0107
16, 11, 0.0098
16, 12, 0.0036
16, 13, 0.0021
16, 14, 0.0017
16, 15, 0.0009
16, 16, 1.0
17, 0, 0.0104
17, 1, 0.0018
17, 2, 0.0
17, 3, 0.0036
17, 4, 0.0007
17, 5, 0.0014
17, 6, 0.0007
17, 7, 0.0007
17, 8, 0.0003
17, 9, 0.0025
17, 10, 0.0069
17, 11, 0.0029
17, 12, 0.0119
17, 13, 0.0036
17, 14, 0.0024
17, 15, 0.0016
17, 16, 0.3484
17, 17, 1.0
18, 0, 0.0066
18, 1, 0.0014
18, 2, 0.0002
18, 3, 0.0033
18, 4, 0.0006
18, 5, 0.0008
18, 6, 0.0023
18, 7, 0.0006
18, 8, 0.0002
18, 9, 0.0017
18, 10, 0.0057
18, 11, 0.0034
18, 12, 0.0042
18, 13, 0.0092
18, 14, 0.0035
18, 15, 0.0027
18, 16, 0.2447
18, 17, 0.3564
18, 18, 1.0
19, 0, 0.0047
19, 1, 0.0006
19, 2, 0.0001
19, 3, 0.0024
19, 4, 0.0004
19, 5, 0.0002
19, 6, 0.0009
19, 7, 0.002
19, 8, 0.0009
19, 9, 0.0008
19, 10, 0.0036
19, 11, 0.0018
19, 12, 0.0022
19, 13, 0.0033
19, 14, 0.0104
19, 15, 0.0043
19, 16, 0.1628
19, 17, 0.2417
19, 18, 0.3538
19, 19, 1.0
20, 0, 0.004
20, 1, 0.0002
20, 2, 0.0001
20, 3, 0.0009
20, 4, 0.0003
20, 5, 0.0005
20, 6, 0.0007
20, 7, 0.0006
20, 8, 0.0028
20, 9, 0.0006
20, 10, 0.0024
20, 11, 0.0014
20, 12, 0.0016
20, 13, 0.003
20, 14, 0.0037
20, 15, 0.01
20, 16, 0.1144
20, 17, 0.1713
20, 18, 0.2441
20, 19, 0.3604
20, 20, 1.0
21, 0, 0.0068
21, 1, 0.0018
21, 2, 0.0014
21, 3, 0.0003
21, 4, 0.004
21, 5, 0.0005
21, 6, 0.0019
21, 7, 0.0006
21, 8, 0.0006
21, 9, 0.0001
21, 10, 0.0001
21, 11, 0.0028
21, 12, 0.0021
21, 13, 0.0034
21, 14, 0.0018
21, 15, 0.0011
21, 16, 0.016
21, 17, 0.013
21, 18, 0.0387
21, 19, 0.0131
21, 20, 0.0098
21, 21, 1.0
22, 0, 0.0052
22, 1, 0.0017
22, 2, 0.0013
22, 3, 0.0001
22, 4, 0.0023
22, 5, 0.001
22, 6, 0.0008
22, 7, 0.0029
22, 8, 0.0006
22, 9, 0.0003
22, 10, 0.0
22, 11, 0.0018
22, 12, 0.0005
22, 13, 0.0018
22, 14, 0.0053
22, 15, 0.0017
22, 16, 0.0107
22, 17, 0.0106
22, 18, 0.0123
22, 19, 0.0351
22, 20, 0.0136
22, 21, 0.3551
22, 22, 1.0
23, 0, 0.003
23, 1, 0.0009
23, 2, 0.0005
23, 3, 0.0005
23, 4, 0.0012
23, 5, 0.0005
23, 6, 0.0001
23, 7, 0.0012
23, 8, 0.0026
23, 9, 0.0003
23, 10, 0.0001
23, 11, 0.0016
23, 12, 0.0007
23, 13, 0.0007
23, 14, 0.0009
23, 15, 0.004
23, 16, 0.0093
23, 17, 0.0058
23, 18, 0.0111
23, 19, 0.0126
23, 20, 0.0385
23, 21, 0.2533
23, 22, 0.3512
23, 23, 1.0
24, 0, 0.0037
24, 1, 0.0014
24, 2, 0.0014
24, 3, 0.001
24, 4, 0.0002
24, 5, 0.003
24, 6, 0.0007
24, 7, 0.0008
24, 8, 0.002
24, 9, 0.0022
24, 10, 0.0006
24, 11, 0.0001
24, 12, 0.0011
24, 13, 0.0001
24, 14, 0.0004
24, 15, 0.0004
24, 16, 0.0055
24, 17, 0.0034
24, 18, 0.01
24, 19, 0.0148
24, 20, 0.0399
24, 21, 0.0092
24, 22, 0.0139
24, 23, 0.0381
24, 24, 1.0
25, 0, 0.1631
25, 1, 0.0722
25, 2, 0.3406
25, 3, 0.255
25, 4, 0.0889
25, 5, 0.0628
25, 6, 0.0429
25, 7, 0.0315
25, 8, 0.0201
25, 9, 0.0888
25, 10, 0.1473
25, 11, 0.0864
25, 12, 0.0566
25, 13, 0.0384
25, 14, 0.0282
25, 15, 0.0168
25, 16, 0.0003
25, 17, 0.0003
25, 18, 0.0001
25, 19, 0.0002
25, 20, 0.0001
25, 21, 0.0019
25, 22, 0.0012
25, 23, 0.0008
25, 24, 0.0
25, 25, 1.0
26, 0, 0.1165
26, 1, 0.0503
26, 2, 0.244
26, 3, 0.0941
26, 4, 0.2559
26, 5, 0.0895
26, 6, 0.0654
26, 7, 0.0451
26, 8, 0.029
26, 9, 0.0595
26, 10, 0.0323
26, 11, 0.1491
26, 12, 0.0542
26, 13, 0.0366
26, 14, 0.0268
26, 15, 0.0171
26, 16, 0.0016
26, 17, 0.0006
26, 18, 0.0005
26, 19, 0.0004
26, 20, 0.0
26, 21, 0.0014
26, 22, 0.0004
26, 23, 0.0008
26, 24, 0.0
26, 25, 0.3526
26, 26, 1.0
27, 0, 0.0773
27, 1, 0.0358
27, 2, 0.1763
27, 3, 0.0629
27, 4, 0.0916
27, 5, 0.2629
27, 6, 0.0988
27, 7, 0.0653
27, 8, 0.0441
27, 9, 0.0427
27, 10, 0.0195
27, 11, 0.0547
27, 12, 0.1526
27, 13, 0.0542
27, 14, 0.0381
27, 15, 0.024
27, 16, 0.0008
27, 17, 0.0018
27, 18, 0.0005
27, 19, 0.0005
27, 20, 0.0004
27, 21, 0.0003
27, 22, 0.0001
27, 23, 0.0002
27, 24, 0.0008
27, 25, 0.2433
27, 26, 0.3555
27, 27, 1.0
28, 0, 0.2364
28, 1, 0.074
28, 2, 0.0877
28, 3, 0.1546
28, 4, 0.0874
28, 5, 0.0623
28, 6, 0.0388
28, 7, 0.0306
28, 8, 0.0207
28, 9, 0.3479
28, 10, 0.2678
28, 11, 0.0959
28, 12, 0.0653
28, 13, 0.0418
28, 14, 0.03
28, 15, 0.0211
28, 16, 0.0006
28, 17, 0.0009
28, 18, 0.0006
28, 19, 0.0005
28, 20, 0.0
28, 21, 0.0007
28, 22, 0.0007
28, 23, 0.0002
28, 24, 0.001
28, 25, 0.2599
28, 26, 0.0856
28, 27, 0.0549
28, 28, 1.0
29, 0, 0.1603
29, 1, 0.0488
29, 2, 0.0585
29, 3, 0.0317
29, 4, 0.1551
29, 5, 0.0529
29, 6, 0.0385
29, 7, 0.0282
29, 8, 0.0177
29, 9, 0.2401
29, 10, 0.0915
29, 11, 0.262
29, 12, 0.0914
29, 13, 0.0624
29, 14, 0.046
29, 15, 0.033
29, 16, 0.0028
29, 17, 0.001
29, 18, 0.0004
29, 19, 0.0005
29, 20, 0.0004
29, 21, 0.0061
29, 22, 0.0038
29, 23, 0.0023
29, 24, 0.0001
29, 25, 0.0864
29, 26, 0.2751
29, 27, 0.0957
29, 28, 0.3524
29, 29, 1.0
30, 0, 0.1138
30, 1, 0.0371
30, 2, 0.0436
30, 3, 0.0227
30, 4, 0.055
30, 5, 0.1508
30, 6, 0.0534
30, 7, 0.0348
30, 8, 0.0268
30, 9, 0.1682
30, 10, 0.0657
30, 11, 0.0937
30, 12, 0.2701
30, 13, 0.0919
30, 14, 0.0618
30, 15, 0.0463
30, 16, 0.0013
30, 17, 0.0017
30, 18, 0.0015
30, 19, 0.0009
30, 20, 0.0005
30, 21, 0.0046
30, 22, 0.0027
30, 23, 0.0011
30, 24, 0.0037
30, 25, 0.0571
30, 26, 0.1013
30, 27, 0.268
30, 28, 0.2354
30, 29, 0.3586
30, 30, 1.0
31, 0, 0.1141
31, 1, 0.1691
31, 2, 0.0687
31, 3, 0.3564
31, 4, 0.2653
31, 5, 0.0885
31, 6, 0.069
31, 7, 0.0471
31, 8, 0.0306
31, 9, 0.0198
31, 10, 0.0965
31, 11, 0.0703
31, 12, 0.0253
31, 13, 0.018
31, 14, 0.0108
31, 15, 0.007
31, 16, 0.0038
31, 17, 0.0048
31, 18, 0.0024
31, 19, 0.0024
31, 20, 0.0017
31, 21, 0.0003
31, 22, 0.0003
31, 23, 0.0001
31, 24, 0.0011
31, 25, 0.0862
31, 26, 0.1475
31, 27, 0.0861
31, 28, 0.0263
31, 29, 0.0012
31, 30, 0.0057
31, 31, 1.0
32, 0, 0.0356
32, 1, 0.1689
32, 2, 0.0201
32, 3, 0.0902
32, 4, 0.0737
32, 5, 0.025
32, 6, 0.0164
32, 7, 0.0108
32, 8, 0.0088
32, 9, 0.074
32, 10, 0.3515
32, 11, 0.2666
32, 12, 0.0945
32, 13, 0.0664
32, 14, 0.0439
32, 15, 0.0323
32, 16, 0.0051
32, 17, 0.0078
32, 18, 0.0045
32, 19, 0.003
32, 20, 0.0033
32, 21, 0.0002
32, 22, 0.0003
32, 23, 0.0003
32, 24, 0.0006
32, 25, 0.0261
32, 26, 0.0009
32, 27, 0.0053
32, 28, 0.0869
32, 29, 0.1486
32, 30, 0.0833
32, 31, 0.2649
32, 32, 1.0
33, 0, 0.0109
33, 1, 0.0045
33, 2, 0.0012
33, 3, 0.003
33, 4, 0.0008
33, 5, 0.0002
33, 6, 0.0001
33, 7, 0.0
33, 8, 0.0001
33, 9, 0.0007
33, 10, 0.0019
33, 11, 0.0033
33, 12, 0.0051
33, 13, 0.0023
33, 14, 0.0019
33, 15, 0.0014
33, 16, 0.0973
33, 17, 0.2733
33, 18, 0.0927
33, 19, 0.0703
33, 20, 0.0475
33, 21, 0.0082
33, 22, 0.0043
33, 23, 0.0031
33, 24, 0.0042
33, 25, 0.0003
33, 26, 0.0
33, 27, 0.0004
33, 28, 0.0024
33, 29, 0.0001
33, 30, 0.0043
33, 31, 0.001
33, 32, 0.0037
33, 33, 1.0
34, 0, 0.0828
34, 1, 0.1186
34, 2, 0.1663
34, 3, 0.0755
34, 4, 0.3614
34, 5, 0.2677
34, 6, 0.0934
34, 7, 0.069
34, 8, 0.0431
34, 9, 0.0486
34, 10, 0.0166
34, 11, 0.0905
34, 12, 0.0741
34, 13, 0.0261
34, 14, 0.0186
34, 15, 0.012
34, 16, 0.0003
34, 17, 0.0002
34, 18, 0.0005
34, 19, 0.0006
34, 20, 0.0003
34, 21, 0.0046
34, 22, 0.0034
34, 23, 0.0027
34, 24, 0.0001
34, 25, 0.0197
34, 26, 0.0925
34, 27, 0.0718
34, 28, 0.0104
34, 29, 0.0849
34, 30, 0.0468
34, 31, 0.0876
34, 32, 0.024
34, 33, 0.0003
34, 34, 1.0
35, 0, 0.0234
35, 1, 0.1148
35, 2, 0.0446
35, 3, 0.0189
35, 4, 0.0929
35, 5, 0.0676
35, 6, 0.0278
35, 7, 0.0155
35, 8, 0.0121
35, 9, 0.1731
35, 10, 0.0756
35, 11, 0.3508
35, 12, 0.2665
35, 13, 0.0996
35, 14, 0.0652
35, 15, 0.0418
35, 16, 0.0012
35, 17, 0.0029
35, 18, 0.0015
35, 19, 0.0011
35, 20, 0.0004
35, 21, 0.0036
35, 22, 0.0026
35, 23, 0.0012
35, 24, 0.0001
35, 25, 0.0119
35, 26, 0.0883
35, 27, 0.0508
35, 28, 0.0198
35, 29, 0.0943
35, 30, 0.072
35, 31, 0.0229
35, 32, 0.0901
35, 33, 0.0045
35, 34, 0.2654
35, 35, 1.0
36, 0, 0.0059
36, 1, 0.0009
36, 2, 0.0
36, 3, 0.0011
36, 4, 0.0031
36, 5, 0.0004
36, 6, 0.0006
36, 7, 0.002
36, 8, 0.0004
36, 9, 0.0009
36, 10, 0.0005
36, 11, 0.0044
36, 12, 0.0015
36, 13, 0.0023
36, 14, 0.0047
36, 15, 0.0023
36, 16, 0.1734
36, 17, 0.0636
36, 18, 0.0899
36, 19, 0.2724
36, 20, 0.0941
36, 21, 0.0422
36, 22, 0.1166
36, 23, 0.0389
36, 24, 0.0013
36, 25, 0.0
36, 26, 0.0001
36, 27, 0.0004
36, 28, 0.0004
36, 29, 0.0007
36, 30, 0.0007
36, 31, 0.0016
36, 32, 0.0018
36, 33, 0.021
36, 34, 0.0005
36, 35, 0.0022
36, 36, 1.0
37, 0, 0.0042
37, 1, 0.0011
37, 2, 0.0
37, 3, 0.0011
37, 4, 0.0001
37, 5, 0.0005
37, 6, 0.0004
37, 7, 0.0007
37, 8, 0.0001
37, 9, 0.0012
37, 10, 0.0031
37, 11, 0.0005
37, 12, 0.0034
37, 13, 0.0005
37, 14, 0.0026
37, 15, 0.0012
37, 16, 0.0487
37, 17, 0.2428
37, 18, 0.09
37, 19, 0.2743
37, 20, 0.0924
37, 21, 0.002
37, 22, 0.0061
37, 23, 0.003
37, 24, 0.0081
37, 25, 0.0004
37, 26, 0.0002
37, 27, 0.0002
37, 28, 0.0001
37, 29, 0.0001
37, 30, 0.0009
37, 31, 0.0019
37, 32, 0.0027
37, 33, 0.0569
37, 34, 0.0011
37, 35, 0.0015
37, 36, 0.1404
37, 37, 1.0
38, 0, 0.0162
38, 1, 0.0006
38, 2, 0.0026
38, 3, 0.0011
38, 4, 0.0008
38, 5, 0.0011
38, 6, 0.0004
38, 7, 0.0002
38, 8, 0.0003
38, 9, 0.0093
38, 10, 0.0061
38, 11, 0.0037
38, 12, 0.003
38, 13, 0.0018
38, 14, 0.0011
38, 15, 0.0007
38, 16, 0.0129
38, 17, 0.0095
38, 18, 0.0078
38, 19, 0.0056
38, 20, 0.0029
38, 21, 0.0111
38, 22, 0.0086
38, 23, 0.0057
38, 24, 0.0061
38, 25, 0.001
38, 26, 0.0005
38, 27, 0.0002
38, 28, 0.0109
38, 29, 0.0088
38, 30, 0.0054
38, 31, 0.0007
38, 32, 0.0035
38, 33, 0.0081
38, 34, 0.0008
38, 35, 0.0016
38, 36, 0.0046
38, 37, 0.0042
38, 38, 1.0
39, 0, 0.0101
39, 1, 0.0004
39, 2, 0.0011
39, 3, 0.0001
39, 4, 0.0003
39, 5, 0.0003
39, 6, 0.0
39, 7, 0.0001
39, 8, 0.0
39, 9, 0.002
39, 10, 0.0004
39, 11, 0.0003
39, 12, 0.0
39, 13, 0.0001
39, 14, 0.0001
39, 15, 0.0001
39, 16, 0.0045
39, 17, 0.0016
39, 18, 0.0017
39, 19, 0.0014
39, 20, 0.0003
39, 21, 0.0019
39, 22, 0.0019
39, 23, 0.0011
39, 24, 0.0023
39, 25, 0.0026
39, 26, 0.0012
39, 27, 0.0008
39, 28, 0.0049
39, 29, 0.0047
39, 30, 0.0021
39, 31, 0.0
39, 32, 0.0021
39, 33, 0.0011
39, 34, 0.0001
39, 35, 0.0001
39, 36, 0.0018
39, 37, 0.0018
39, 38, 0.3483
39, 39, 1.0
40, 0, 0.0063
40, 1, 0.0003
40, 2, 0.0003
40, 3, 0.0012
40, 4, 0.0007
40, 5, 0.0004
40, 6, 0.0003
40, 7, 0.0
40, 8, 0.0001
40, 9, 0.0043
40, 10, 0.0016
40, 11, 0.0006
40, 12, 0.0009
40, 13, 0.0004
40, 14, 0.0002
40, 15, 0.0001
40, 16, 0.0284
40, 17, 0.0187
40, 18, 0.0128
40, 19, 0.0074
40, 20, 0.0068
40, 21, 0.0002
40, 22, 0.0002
40, 23, 0.0001
40, 24, 0.0017
40, 25, 0.0008
40, 26, 0.0002
40, 27, 0.0002
40, 28, 0.0024
40, 29, 0.0022
40, 30, 0.0011
40, 31, 0.0003
40, 32, 0.0009
40, 33, 0.0082
40, 34, 0.0
40, 35, 0.0
40, 36, 0.0022
40, 37, 0.0101
40, 38, 0.2448
40, 39, 0.3503
40, 40, 1.0
41, 0, 0.0061
41, 1, 0.0003
41, 2, 0.0002
41, 3, 0.0003
41, 4, 0.0007
41, 5, 0.0002
41, 6, 0.0004
41, 7, 0.0004
41, 8, 0.0001
41, 9, 0.0027
41, 10, 0.0004
41, 11, 0.0014
41, 12, 0.0004
41, 13, 0.0005
41, 14, 0.0001
41, 15, 0.0001
41, 16, 0.0317
41, 17, 0.0133
41, 18, 0.0078
41, 19, 0.0051
41, 20, 0.0034
41, 21, 0.0069
41, 22, 0.0048
41, 23, 0.0029
41, 24, 0.0004
41, 25, 0.0005
41, 26, 0.0011
41, 27, 0.0002
41, 28, 0.0036
41, 29, 0.0033
41, 30, 0.0009
41, 31, 0.0005
41, 32, 0.0003
41, 33, 0.0033
41, 34, 0.0005
41, 35, 0.0013
41, 36, 0.014
41, 37, 0.0022
41, 38, 0.1691
41, 39, 0.2449
41, 40, 0.3563
41, 41, 1.0
42, 0, 0.0028
42, 1, 0.0103
42, 2, 0.0079
42, 3, 0.0034
42, 4, 0.004
42, 5, 0.0014
42, 6, 0.002
42, 7, 0.0005
42, 8, 0.0009
42, 9, 0.0331
42, 10, 0.0226
42, 11, 0.0261
42, 12, 0.0109
42, 13, 0.0075
42, 14, 0.0065
42, 15, 0.0042
42, 16, 0.0727
42, 17, 0.0194
42, 18, 0.0137
42, 19, 0.0108
42, 20, 0.0066
42, 21, 0.0101
42, 22, 0.0073
42, 23, 0.0062
42, 24, 0.0003
42, 25, 0.0084
42, 26, 0.0004
42, 27, 0.0011
42, 28, 0.0276
42, 29, 0.0121
42, 30, 0.0072
42, 31, 0.0062
42, 32, 0.0248
42, 33, 0.0012
42, 34, 0.0031
42, 35, 0.0035
42, 36, 0.0219
42, 37, 0.0031
42, 38, 0.18
42, 39, 0.0834
42, 40, 0.0895
42, 41, 0.1536
42, 42, 1.0
43, 0, 0.011
43, 1, 0.0312
43, 2, 0.0178
43, 3, 0.0251
43, 4, 0.0145
43, 5, 0.0096
43, 6, 0.0056
43, 7, 0.0048
43, 8, 0.0029
43, 9, 0.0281
43, 10, 0.0114
43, 11, 0.0074
43, 12, 0.0054
43, 13, 0.005
43, 14, 0.0033
43, 15, 0.0026
43, 16, 0.0351
43, 17, 0.0249
43, 18, 0.018
43, 19, 0.0125
43, 20, 0.0082
43, 21, 0.0009
43, 22, 0.0004
43, 23, 0.0004
43, 24, 0.0013
43, 25, 0.0242
43, 26, 0.0144
43, 27, 0.01
43, 28, 0.0235
43, 29, 0.0208
43, 30, 0.0142
43, 31, 0.0042
43, 32, 0.008
43, 33, 0.0419
43, 34, 0.0025
43, 35, 0.0024
43, 36, 0.0107
43, 37, 0.0109
43, 38, 0.1821
43, 39, 0.1245
43, 40, 0.2488
43, 41, 0.0967
43, 42, 0.0369
43, 43, 1.0
44, 0, 0.0218
44, 1, 0.0184
44, 2, 0.0037
44, 3, 0.0099
44, 4, 0.0038
44, 5, 0.0039
44, 6, 0.0015
44, 7, 0.0008
44, 8, 0.0008
44, 9, 0.0019
44, 10, 0.0278
44, 11, 0.0103
44, 12, 0.0065
44, 13, 0.0042
44, 14, 0.0028
44, 15, 0.0023
44, 16, 0.088
44, 17, 0.0609
44, 18, 0.0445
44, 19, 0.0291
44, 20, 0.0179
44, 21, 0.0019
44, 22, 0.0008
44, 23, 0.0012
44, 24, 0.0021
44, 25, 0.003
44, 26, 0.0004
44, 27, 0.0002
44, 28, 0.0265
44, 29, 0.0026
44, 30, 0.0032
44, 31, 0.0088
44, 32, 0.0218
44, 33, 0.1249
44, 34, 0.0008
44, 35, 0.0014
44, 36, 0.0055
44, 37, 0.0303
44, 38, 0.0129
44, 39, 0.0004
44, 40, 0.0013
44, 41, 0.0007
44, 42, 0.0891
44, 43, 0.1063
44, 44, 1.0
45, 0, 0.0162
45, 1, 0.0118
45, 2, 0.0024
45, 3, 0.0034
45, 4, 0.0128
45, 5, 0.0044
45, 6, 0.0037
45, 7, 0.0016
45, 8, 0.0016
45, 9, 0.0014
45, 10, 0.0113
45, 11, 0.0254
45, 12, 0.0085
45, 13, 0.0049
45, 14, 0.0045
45, 15, 0.0036
45, 16, 0.2596
45, 17, 0.0862
45, 18, 0.0618
45, 19, 0.0403
45, 20, 0.0297
45, 21, 0.0178
45, 22, 0.0116
45, 23, 0.0082
45, 24, 0.0005
45, 25, 0.0041
45, 26, 0.0031
45, 27, 0.0009
45, 28, 0.019
45, 29, 0.0262
45, 30, 0.0118
45, 31, 0.0044
45, 32, 0.0103
45, 33, 0.055
45, 34, 0.0052
45, 35, 0.0113
45, 36, 0.0413
45, 37, 0.0127
45, 38, 0.0081
45, 39, 0.0003
45, 40, 0.001
45, 41, 0.0012
45, 42, 0.0949
45, 43, 0.0478
45, 44, 0.3513
45, 45, 1.0
46, 0, 0.0104
46, 1, 0.0069
46, 2, 0.0016
46, 3, 0.0022
46, 4, 0.0049
46, 5, 0.0114
46, 6, 0.0037
46, 7, 0.0034
46, 8, 0.002
46, 9, 0.0011
46, 10, 0.006
46, 11, 0.0106
46, 12, 0.026
46, 13, 0.0096
46, 14, 0.0064
46, 15, 0.0052
46, 16, 0.0962
46, 17, 0.2643
46, 18, 0.0972
46, 19, 0.0651
46, 20, 0.0429
46, 21, 0.0139
46, 22, 0.0103
46, 23, 0.0046
46, 24, 0.0042
46, 25, 0.0033
46, 26, 0.001
46, 27, 0.0032
46, 28, 0.0103
46, 29, 0.0091
46, 30, 0.0237
46, 31, 0.0035
46, 32, 0.0059
46, 33, 0.1627
46, 34, 0.0032
46, 35, 0.0071
46, 36, 0.02
46, 37, 0.0635
46, 38, 0.0064
46, 39, 0.0004
46, 40, 0.0005
46, 41, 0.0001
46, 42, 0.0308
46, 43, 0.032
46, 44, 0.2446
46, 45, 0.3551
46, 46, 1.0
47, 0, 0.0022
47, 1, 0.006
47, 2, 0.0059
47, 3, 0.0026
47, 4, 0.0012
47, 5, 0.0039
47, 6, 0.001
47, 7, 0.0009
47, 8, 0.0013
47, 9, 0.0226
47, 10, 0.0119
47, 11, 0.0086
47, 12, 0.0246
47, 13, 0.0087
47, 14, 0.0068
47, 15, 0.0044
47, 16, 0.0241
47, 17, 0.0714
47, 18, 0.0273
47, 19, 0.0157
47, 20, 0.0112
47, 21, 0.0021
47, 22, 0.0024
47, 23, 0.0009
47, 24, 0.0092
47, 25, 0.0065
47, 26, 0.0003
47, 27, 0.0006
47, 28, 0.0209
47, 29, 0.0039
47, 30, 0.0127
47, 31, 0.0009
47, 32, 0.0045
47, 33, 0.0002
47, 34, 0.0008
47, 35, 0.0045
47, 36, 0.0126
47, 37, 0.0147
47, 38, 0.1298
47, 39, 0.0581
47, 40, 0.0641
47, 41, 0.0475
47, 42, 0.3628
47, 43, 0.0229
47, 44, 0.0659
47, 45, 0.0491
47, 46, 0.0917
47, 47, 1.0
48, 0, 0.0098
48, 1, 0.0021
48, 2, 0.0107
48, 3, 0.0004
48, 4, 0.001
48, 5, 0.0029
48, 6, 0.0011
48, 7, 0.0004
48, 8, 0.0003
48, 9, 0.0018
48, 10, 0.0007
48, 11, 0.0006
48, 12, 0.0011
48, 13, 0.0007
48, 14, 0.0004
48, 15, 0.0004
48, 16, 0.0262
48, 17, 0.0774
48, 18, 0.0211
48, 19, 0.0176
48, 20, 0.0118
48, 21, 0.0943
48, 22, 0.0685
48, 23, 0.0433
48, 24, 0.0133
48, 25, 0.0027
48, 26, 0.0021
48, 27, 0.0063
48, 28, 0.0008
48, 29, 0.0023
48, 30, 0.0063
48, 31, 0.0053
48, 32, 0.0026
48, 33, 0.0593
48, 34, 0.001
48, 35, 0.0001
48, 36, 0.0021
48, 37, 0.0178
48, 38, 0.0162
48, 39, 0.0184
48, 40, 0.0026
48, 41, 0.0059
48, 42, 0.001
48, 43, 0.0228
48, 44, 0.0003
48, 45, 0.0011
48, 46, 0.0015
48, 47, 0.0069
48, 48, 1.0
49, 0, 0.0052
49, 1, 0.0151
49, 2, 0.0092
49, 3, 0.0046
49, 4, 0.0078
49, 5, 0.0066
49, 6, 0.0034
49, 7, 0.0014
49, 8, 0.0016
49, 9, 0.0136
49, 10, 0.0023
49, 11, 0.0035
49, 12, 0.0042
49, 13, 0.0022
49, 14, 0.0011
49, 15, 0.001
49, 16, 0.0463
49, 17, 0.0302
49, 18, 0.0186
49, 19, 0.0134
49, 20, 0.0084
49, 21, 0.0064
49, 22, 0.0053
49, 23, 0.0038
49, 24, 0.0004
49, 25, 0.0039
49, 26, 0.0054
49, 27, 0.0046
49, 28, 0.0043
49, 29, 0.0024
49, 30, 0.0044
49, 31, 0.0057
49, 32, 0.0053
49, 33, 0.0439
49, 34, 0.027
49, 35, 0.0116
49, 36, 0.0194
49, 37, 0.0103
49, 38, 0.0819
49, 39, 0.0604
49, 40, 0.0258
49, 41, 0.096
49, 42, 0.1392
49, 43, 0.0765
49, 44, 0.006
49, 45, 0.026
49, 46, 0.0243
49, 47, 0.0618
49, 48, 0.0232
49, 49, 1.0
50, 0, 0.0011
50, 1, 0.0045
50, 2, 0.0034
50, 3, 0.0014
50, 4, 0.0001
50, 5, 0.0006
50, 6, 0.0013
50, 7, 0.0001
50, 8, 0.0003
50, 9, 0.0155
50, 10, 0.0105
50, 11, 0.0033
50, 12, 0.0069
50, 13, 0.0072
50, 14, 0.0029
50, 15, 0.0016
50, 16, 0.0026
50, 17, 0.0217
50, 18, 0.0158
50, 19, 0.0064
50, 20, 0.0037
50, 21, 0.0029
50, 22, 0.005
50, 23, 0.0035
50, 24, 0.008
50, 25, 0.0036
50, 26, 0.0011
50, 27, 0.0003
50, 28, 0.0125
50, 29, 0.0037
50, 30, 0.003
50, 31, 0.0009
50, 32, 0.003
50, 33, 0.003
50, 34, 0.001
50, 35, 0.0048
50, 36, 0.0055
50, 37, 0.0266
50, 38, 0.0849
50, 39, 0.0409
50, 40, 0.0455
50, 41, 0.0203
50, 42, 0.0678
50, 43, 0.0168
50, 44, 0.0399
50, 45, 0.014
50, 46, 0.0468
50, 47, 0.3505
50, 48, 0.0051
50, 49, 0.028
50, 50, 1.0
51, 0, 0.0058
51, 1, 0.0015
51, 2, 0.0017
51, 3, 0.0063
51, 4, 0.0004
51, 5, 0.0005
51, 6, 0.0008
51, 7, 0.003
51, 8, 0.0009
51, 9, 0.0026
51, 10, 0.002
51, 11, 0.0
51, 12, 0.0007
51, 13, 0.0003
51, 14, 0.002
51, 15, 0.0004
51, 16, 0.0537
51, 17, 0.0706
51, 18, 0.0989
51, 19, 0.2684
51, 20, 0.0947
51, 21, 0.025
51, 22, 0.0801
51, 23, 0.0261
51, 24, 0.0942
51, 25, 0.0009
51, 26, 0.0001
51, 27, 0.0003
51, 28, 0.0028
51, 29, 0.0004
51, 30, 0.0017
51, 31, 0.0025
51, 32, 0.0003
51, 33, 0.0542
51, 34, 0.0041
51, 35, 0.0012
51, 36, 0.0433
51, 37, 0.084
51, 38, 0.0097
51, 39, 0.0016
51, 40, 0.0116
51, 41, 0.001
51, 42, 0.0241
51, 43, 0.0031
51, 44, 0.0123
51, 45, 0.0025
51, 46, 0.003
51, 47, 0.0396
51, 48, 0.0006
51, 49, 0.002
51, 50, 0.014
51, 51, 1.0
52, 0, 0.0061
52, 1, 0.0009
52, 2, 0.0009
52, 3, 0.0016
52, 4, 0.0003
52, 5, 0.0005
52, 6, 0.0
52, 7, 0.0001
52, 8, 0.0002
52, 9, 0.0021
52, 10, 0.0012
52, 11, 0.0008
52, 12, 0.0015
52, 13, 0.0012
52, 14, 0.0029
52, 15, 0.0005
52, 16, 0.0021
52, 17, 0.0022
52, 18, 0.0004
52, 19, 0.003
52, 20, 0.0006
52, 21, 0.0086
52, 22, 0.028
52, 23, 0.0106
52, 24, 0.005
52, 25, 0.007
52, 26, 0.001
52, 27, 0.0007
52, 28, 0.0055
52, 29, 0.0012
52, 30, 0.0008
52, 31, 0.0013
52, 32, 0.0001
52, 33, 0.0018
52, 34, 0.0003
52, 35, 0.0006
52, 36, 0.0023
52, 37, 0.0136
52, 38, 0.0037
52, 39, 0.012
52, 40, 0.0082
52, 41, 0.0035
52, 42, 0.018
52, 43, 0.008
52, 44, 0.0378
52, 45, 0.0213
52, 46, 0.0667
52, 47, 0.0901
52, 48, 0.0138
52, 49, 0.0021
52, 50, 0.1337
52, 51, 0.0227
52, 52, 1.0
53, 0, 0.0015
53, 1, 0.003
53, 2, 0.0033
53, 3, 0.0003
53, 4, 0.0015
53, 5, 0.0008
53, 6, 0.0006
53, 7, 0.0013
53, 8, 0.0006
53, 9, 0.0115
53, 10, 0.0063
53, 11, 0.0069
53, 12, 0.0047
53, 13, 0.0031
53, 14, 0.0054
53, 15, 0.004
53, 16, 0.017
53, 17, 0.0033
53, 18, 0.0045
53, 19, 0.0088
53, 20, 0.0055
53, 21, 0.0051
53, 22, 0.0041
53, 23, 0.004
53, 24, 0.0003
53, 25, 0.0026
53, 26, 0.0003
53, 27, 0.0004
53, 28, 0.0111
53, 29, 0.003
53, 30, 0.003
53, 31, 0.0018
53, 32, 0.0078
53, 33, 0.0017
53, 34, 0.001
53, 35, 0.0016
53, 36, 0.0115
53, 37, 0.018
53, 38, 0.0593
53, 39, 0.0276
53, 40, 0.0307
53, 41, 0.0443
53, 42, 0.236
53, 43, 0.0112
53, 44, 0.0272
53, 45, 0.0201
53, 46, 0.0141
53, 47, 0.0716
53, 48, 0.0006
53, 49, 0.0445
53, 50, 0.3532
53, 51, 0.0239
53, 52, 0.0933
53, 53, 1.0
54, 0, 0.0008
54, 1, 0.0036
54, 2, 0.0025
54, 3, 0.0009
54, 4, 0.0002
54, 5, 0.0004
54, 6, 0.0021
54, 7, 0.0014
54, 8, 0.0002
54, 9, 0.0104
54, 10, 0.0058
54, 11, 0.0038
54, 12, 0.0018
54, 13, 0.009
54, 14, 0.0063
54, 15, 0.0027
54, 16, 0.0124
54, 17, 0.0042
54, 18, 0.0255
54, 19, 0.0173
54, 20, 0.006
54, 21, 0.0029
54, 22, 0.0023
54, 23, 0.0007
54, 24, 0.0006
54, 25, 0.0028
54, 26, 0.0005
54, 27, 0.0
54, 28, 0.0079
54, 29, 0.0015
54, 30, 0.001
54, 31, 0.0006
54, 32, 0.0024
54, 33, 0.0
54, 34, 0.0001
54, 35, 0.0004
54, 36, 0.0078
54, 37, 0.011
54, 38, 0.0575
54, 39, 0.0275
54, 40, 0.0308
54, 41, 0.0232
54, 42, 0.1668
54, 43, 0.0104
54, 44, 0.0278
54, 45, 0.0195
54, 46, 0.0056
54, 47, 0.0772
54, 48, 0.0004
54, 49, 0.0135
54, 50, 0.0874
54, 51, 0.0443
54, 52, 0.0568
54, 53, 0.264
54, 54, 1.0
