# primitive_MRO = (<class 'qiskit.primitives.statevector_sampler.StatevectorSampler'>, <class 'qiskit.primitives.base.base_sampler.BaseSamplerV2'>, <class 'abc.ABC'>, <class 'object'>)
# num_shots = 10000
# encoding_layer_config = {'n_layers': 1, 'initial_layer': 'ry', 'entangling_layer': 'ryy', 'n_atom_to_qubit': 1, 'interleaved': None}
# noise_model_path = ../data/backends/fez_2024_12_22.noise_model.pkl
# backend_path = ../data/backends/fez_2024_12_22.backend_image.pkl
# sampler_type = statevector
# i, j, expectation-value
0, 0, 1.0
1, 0, 0.2997
1, 1, 1.0
2, 0, 0.1159
2, 1, 0.2955
2, 2, 1.0
3, 0, 0.0936
3, 1, 0.1172
3, 2, 0.3023
3, 3, 1.0
4, 0, 0.0351
4, 1, 0.0993
4, 2, 0.1133
4, 3, 0.3059
4, 4, 1.0
5, 0, 0.0081
5, 1, 0.0362
5, 2, 0.102
5, 3, 0.1131
5, 4, 0.3029
5, 5, 1.0
6, 0, 0.009
6, 1, 0.0073
6, 2, 0.0368
6, 3, 0.0989
6, 4, 0.1126
6, 5, 0.297
6, 6, 1.0
7, 0, 0.003
7, 1, 0.0097
7, 2, 0.0078
7, 3, 0.0399
7, 4, 0.0972
7, 5, 0.1183
7, 6, 0.3005
7, 7, 1.0
8, 0, 0.0007
8, 1, 0.0043
8, 2, 0.008
8, 3, 0.0073
8, 4, 0.0346
8, 5, 0.0986
8, 6, 0.1146
8, 7, 0.3026
8, 8, 1.0
9, 0, 0.0001
9, 1, 0.0009
9, 2, 0.0053
9, 3, 0.0086
9, 4, 0.0088
9, 5, 0.0362
9, 6, 0.1014
9, 7, 0.117
9, 8, 0.2895
9, 9, 1.0
10, 0, 0.0995
10, 1, 0.228
10, 2, 0.2998
10, 3, 0.1967
10, 4, 0.0565
10, 5, 0.0193
10, 6, 0.0204
10, 7, 0.0066
10, 8, 0.0013
10, 9, 0.0012
10, 10, 1.0
11, 0, 0.0865
11, 1, 0.0952
11, 2, 0.2369
11, 3, 0.3066
11, 4, 0.1928
11, 5, 0.055
11, 6, 0.0228
11, 7, 0.021
11, 8, 0.007
11, 9, 0.0017
11, 10, 0.0604
11, 11, 1.0
12, 0, 0.0252
12, 1, 0.0884
12, 2, 0.0982
12, 3, 0.2199
12, 4, 0.304
12, 5, 0.1938
12, 6, 0.0593
12, 7, 0.0193
12, 8, 0.0185
12, 9, 0.0063
12, 10, 0.0414
12, 11, 0.06
12, 12, 1.0
13, 0, 0.0057
13, 1, 0.0274
13, 2, 0.0894
13, 3, 0.097
13, 4, 0.2259
13, 5, 0.2969
13, 6, 0.1922
13, 7, 0.0569
13, 8, 0.0222
13, 9, 0.0179
13, 10, 0.0191
13, 11, 0.0436
13, 12, 0.0557
13, 13, 1.0
14, 0, 0.0084
14, 1, 0.0064
14, 2, 0.0293
14, 3, 0.0866
14, 4, 0.0961
14, 5, 0.2269
14, 6, 0.2959
14, 7, 0.1903
14, 8, 0.0557
14, 9, 0.0218
14, 10, 0.0156
14, 11, 0.018
14, 12, 0.0437
14, 13, 0.0614
14, 14, 1.0
15, 0, 0.0037
15, 1, 0.0073
15, 2, 0.0072
15, 3, 0.0294
15, 4, 0.0885
15, 5, 0.1009
15, 6, 0.2245
15, 7, 0.3013
15, 8, 0.1904
15, 9, 0.0619
15, 10, 0.0047
15, 11, 0.0182
15, 12, 0.0191
15, 13, 0.0405
15, 14, 0.0541
15, 15, 1.0
16, 0, 0.0005
16, 1, 0.0041
16, 2, 0.0058
16, 3, 0.0045
16, 4, 0.0272
16, 5, 0.089
16, 6, 0.0938
16, 7, 0.2314
16, 8, 0.2939
16, 9, 0.1906
16, 10, 0.0013
16, 11, 0.0047
16, 12, 0.015
16, 13, 0.0194
16, 14, 0.0446
16, 15, 0.057
16, 16, 1.0
17, 0, 0.0301
17, 1, 0.0356
17, 2, 0.0721
17, 3, 0.1116
17, 4, 0.0595
17, 5, 0.1949
17, 6, 0.059
17, 7, 0.0217
17, 8, 0.0189
17, 9, 0.0055
17, 10, 0.0195
17, 11, 0.2922
17, 12, 0.1161
17, 13, 0.0532
17, 14, 0.0444
17, 15, 0.0178
17, 16, 0.0178
17, 17, 1.0
18, 0, 0.0083
18, 1, 0.0275
18, 2, 0.0353
18, 3, 0.0692
18, 4, 0.1116
18, 5, 0.0592
18, 6, 0.1915
18, 7, 0.0551
18, 8, 0.0209
18, 9, 0.0171
18, 10, 0.0127
18, 11, 0.0185
18, 12, 0.2988
18, 13, 0.1119
18, 14, 0.059
18, 15, 0.0435
18, 16, 0.0161
18, 17, 0.0354
18, 18, 1.0
19, 0, 0.0025
19, 1, 0.0052
19, 2, 0.0258
19, 3, 0.0342
19, 4, 0.068
19, 5, 0.11
19, 6, 0.0585
19, 7, 0.1897
19, 8, 0.0579
19, 9, 0.0192
19, 10, 0.0054
19, 11, 0.0127
19, 12, 0.0222
19, 13, 0.303
19, 14, 0.1155
19, 15, 0.0581
19, 16, 0.043
19, 17, 0.0211
19, 18, 0.0354
19, 19, 1.0
20, 0, 0.0025
20, 1, 0.0025
20, 2, 0.0071
20, 3, 0.0268
20, 4, 0.0372
20, 5, 0.0653
20, 6, 0.1168
20, 7, 0.0591
20, 8, 0.1882
20, 9, 0.0553
20, 10, 0.0056
20, 11, 0.0055
20, 12, 0.0145
20, 13, 0.0224
20, 14, 0.2957
20, 15, 0.1161
20, 16, 0.0581
20, 17, 0.0132
20, 18, 0.0231
20, 19, 0.0348
20, 20, 1.0
21, 0, 0.0029
21, 1, 0.0057
21, 2, 0.0088
21, 3, 0.0193
21, 4, 0.0975
21, 5, 0.0223
21, 6, 0.0618
21, 7, 0.1929
21, 8, 0.0551
21, 9, 0.0224
21, 10, 0.0033
21, 11, 0.0171
21, 12, 0.1128
21, 13, 0.0378
21, 14, 0.0387
21, 15, 0.0573
21, 16, 0.0457
21, 17, 0.0112
21, 18, 0.3052
21, 19, 0.1157
21, 20, 0.0101
21, 21, 1.0
22, 0, 0.0006
22, 1, 0.0016
22, 2, 0.0061
22, 3, 0.0083
22, 4, 0.0198
22, 5, 0.0976
22, 6, 0.021
22, 7, 0.0593
22, 8, 0.1929
22, 9, 0.0548
22, 10, 0.0019
22, 11, 0.0032
22, 12, 0.0177
22, 13, 0.1122
22, 14, 0.0357
22, 15, 0.0371
22, 16, 0.0573
22, 17, 0.0209
22, 18, 0.0123
22, 19, 0.2942
22, 20, 0.1143
22, 21, 0.0356
22, 22, 1.0
23, 0, 0.0907
23, 1, 0.2007
23, 2, 0.23
23, 3, 0.0518
23, 4, 0.112
23, 5, 0.0348
23, 6, 0.0128
23, 7, 0.0107
23, 8, 0.0039
23, 9, 0.0004
23, 10, 0.302
23, 11, 0.2585
23, 12, 0.0335
23, 13, 0.0269
23, 14, 0.0122
23, 15, 0.0104
23, 16, 0.0025
23, 17, 0.0804
23, 18, 0.0133
23, 19, 0.0089
23, 20, 0.0042
23, 21, 0.0103
23, 22, 0.0019
23, 23, 1.0
24, 0, 0.0867
24, 1, 0.0951
24, 2, 0.2015
24, 3, 0.233
24, 4, 0.0553
24, 5, 0.1107
24, 6, 0.0359
24, 7, 0.0124
24, 8, 0.0095
24, 9, 0.0045
24, 10, 0.0467
24, 11, 0.2991
24, 12, 0.2588
24, 13, 0.0326
24, 14, 0.0263
24, 15, 0.0128
24, 16, 0.0104
24, 17, 0.1876
24, 18, 0.0773
24, 19, 0.0142
24, 20, 0.0079
24, 21, 0.0289
24, 22, 0.0111
24, 23, 0.0806
24, 24, 1.0
25, 0, 0.0241
25, 1, 0.0862
25, 2, 0.0882
25, 3, 0.2029
25, 4, 0.2284
25, 5, 0.0594
25, 6, 0.1178
25, 7, 0.0334
25, 8, 0.0132
25, 9, 0.0099
25, 10, 0.04
25, 11, 0.0431
25, 12, 0.2976
25, 13, 0.2579
25, 14, 0.0328
25, 15, 0.0276
25, 16, 0.0099
25, 17, 0.0355
25, 18, 0.1919
25, 19, 0.0769
25, 20, 0.0122
25, 21, 0.0541
25, 22, 0.0302
25, 23, 0.0267
25, 24, 0.0764
25, 25, 1.0
26, 0, 0.0041
26, 1, 0.0258
26, 2, 0.0855
26, 3, 0.0823
26, 4, 0.2037
26, 5, 0.2229
26, 6, 0.0548
26, 7, 0.1178
26, 8, 0.0331
26, 9, 0.0132
26, 10, 0.0182
26, 11, 0.0429
26, 12, 0.0444
26, 13, 0.301
26, 14, 0.265
26, 15, 0.0341
26, 16, 0.027
26, 17, 0.0434
26, 18, 0.0315
26, 19, 0.1952
26, 20, 0.0775
26, 21, 0.1107
26, 22, 0.0604
26, 23, 0.0249
26, 24, 0.0228
26, 25, 0.0753
26, 26, 1.0
27, 0, 0.0262
27, 1, 0.0517
27, 2, 0.1003
27, 3, 0.0461
27, 4, 0.0538
27, 5, 0.0325
27, 6, 0.0128
27, 7, 0.004
27, 8, 0.0039
27, 9, 0.0012
27, 10, 0.2254
27, 11, 0.0321
27, 12, 0.1875
27, 13, 0.0106
27, 14, 0.0079
27, 15, 0.004
27, 16, 0.0035
27, 17, 0.0039
27, 18, 0.0569
27, 19, 0.0037
27, 20, 0.0022
27, 21, 0.0211
27, 22, 0.003
27, 23, 0.0605
27, 24, 0.1105
27, 25, 0.0568
27, 26, 0.0073
27, 27, 1.0
28, 0, 0.0228
28, 1, 0.028
28, 2, 0.0501
28, 3, 0.0935
28, 4, 0.0416
28, 5, 0.057
28, 6, 0.0337
28, 7, 0.0092
28, 8, 0.0041
28, 9, 0.0035
28, 10, 0.0176
28, 11, 0.2228
28, 12, 0.0363
28, 13, 0.1954
28, 14, 0.0111
28, 15, 0.0082
28, 16, 0.003
28, 17, 0.2877
28, 18, 0.0028
28, 19, 0.0578
28, 20, 0.0039
28, 21, 0.0003
28, 22, 0.0219
28, 23, 0.0568
28, 24, 0.056
28, 25, 0.1079
28, 26, 0.062
28, 27, 0.0007
28, 28, 1.0
29, 0, 0.0073
29, 1, 0.0224
29, 2, 0.0305
29, 3, 0.0516
29, 4, 0.0949
29, 5, 0.0481
29, 6, 0.058
29, 7, 0.0352
29, 8, 0.0109
29, 9, 0.0052
29, 10, 0.0096
29, 11, 0.0182
29, 12, 0.2327
29, 13, 0.0355
29, 14, 0.1859
29, 15, 0.0111
29, 16, 0.008
29, 17, 0.0265
29, 18, 0.3028
29, 19, 0.0024
29, 20, 0.0555
29, 21, 0.1951
29, 22, 0.0005
29, 23, 0.011
29, 24, 0.0611
29, 25, 0.0552
29, 26, 0.1035
29, 27, 0.0433
29, 28, 0.0012
29, 29, 1.0
30, 0, 0.0065
30, 1, 0.0175
30, 2, 0.0868
30, 3, 0.0183
30, 4, 0.0463
30, 5, 0.0589
30, 6, 0.0363
30, 7, 0.012
30, 8, 0.0037
30, 9, 0.0028
30, 10, 0.095
30, 11, 0.0239
30, 12, 0.0106
30, 13, 0.1919
30, 14, 0.0122
30, 15, 0.0088
30, 16, 0.004
30, 17, 0.0357
30, 18, 0.0236
30, 19, 0.0591
30, 20, 0.0028
30, 21, 0.006
30, 22, 0.0225
30, 23, 0.043
30, 24, 0.0341
30, 25, 0.049
30, 26, 0.0567
30, 27, 0.0559
30, 28, 0.1132
30, 29, 0.0056
30, 30, 1.0
31, 0, 0.0046
31, 1, 0.0061
31, 2, 0.0152
31, 3, 0.0898
31, 4, 0.02
31, 5, 0.0463
31, 6, 0.0583
31, 7, 0.0357
31, 8, 0.0095
31, 9, 0.0029
31, 10, 0.0178
31, 11, 0.1004
31, 12, 0.0259
31, 13, 0.0097
31, 14, 0.1914
31, 15, 0.0115
31, 16, 0.0071
31, 17, 0.2272
31, 18, 0.0336
31, 19, 0.0235
31, 20, 0.0575
31, 21, 0.022
31, 22, 0.0072
31, 23, 0.0243
31, 24, 0.0451
31, 25, 0.0325
31, 26, 0.05
31, 27, 0.0006
31, 28, 0.0574
31, 29, 0.1114
31, 30, 0.0079
31, 31, 1.0
32, 0, 0.0092
32, 1, 0.0193
32, 2, 0.0291
32, 3, 0.0186
32, 4, 0.0173
32, 5, 0.0427
32, 6, 0.0573
32, 7, 0.0362
32, 8, 0.0105
32, 9, 0.0049
32, 10, 0.0935
32, 11, 0.0101
32, 12, 0.0079
32, 13, 0.0096
32, 14, 0.1881
32, 15, 0.0112
32, 16, 0.0064
32, 17, 0.0251
32, 18, 0.0092
32, 19, 0.022
32, 20, 0.056
32, 21, 0.0065
32, 22, 0.007
32, 23, 0.0188
32, 24, 0.0261
32, 25, 0.0064
32, 26, 0.0506
32, 27, 0.0434
32, 28, 0.0074
32, 29, 0.0379
32, 30, 0.0575
32, 31, 0.1152
32, 32, 1.0
33, 0, 0.0271
33, 1, 0.0295
33, 2, 0.0647
33, 3, 0.0698
33, 4, 0.0238
33, 5, 0.0347
33, 6, 0.1144
33, 7, 0.0372
33, 8, 0.0125
33, 9, 0.0109
33, 10, 0.0135
33, 11, 0.118
33, 12, 0.0727
33, 13, 0.0022
33, 14, 0.0333
33, 15, 0.0263
33, 16, 0.0122
33, 17, 0.0588
33, 18, 0.2577
33, 19, 0.0012
33, 20, 0.0149
33, 21, 0.0774
33, 22, 0.0002
33, 23, 0.0294
33, 24, 0.3064
33, 25, 0.048
33, 26, 0.0003
33, 27, 0.0297
33, 28, 0.1097
33, 29, 0.0745
33, 30, 0.0285
33, 31, 0.0533
33, 32, 0.0327
33, 33, 1.0
34, 0, 0.0087
34, 1, 0.0291
34, 2, 0.0292
34, 3, 0.065
34, 4, 0.073
34, 5, 0.0225
34, 6, 0.0373
34, 7, 0.1112
34, 8, 0.0337
34, 9, 0.0128
34, 10, 0.0125
34, 11, 0.0142
34, 12, 0.1194
34, 13, 0.0821
34, 14, 0.0024
34, 15, 0.0328
34, 16, 0.026
34, 17, 0.014
34, 18, 0.0579
34, 19, 0.2569
34, 20, 0.0009
34, 21, 0.1885
34, 22, 0.0781
34, 23, 0.0072
34, 24, 0.0313
34, 25, 0.3029
34, 26, 0.0474
34, 27, 0.0223
34, 28, 0.0333
34, 29, 0.1161
34, 30, 0.0156
34, 31, 0.0255
34, 32, 0.0004
34, 33, 0.0157
34, 34, 1.0
35, 0, 0.0062
35, 1, 0.0083
35, 2, 0.0152
35, 3, 0.0344
35, 4, 0.0127
35, 5, 0.022
35, 6, 0.0108
35, 7, 0.0359
35, 8, 0.0121
35, 9, 0.0044
35, 10, 0.006
35, 11, 0.0683
35, 12, 0.0115
35, 13, 0.0607
35, 14, 0.0207
35, 15, 0.0111
35, 16, 0.0077
35, 17, 0.1148
35, 18, 0.0013
35, 19, 0.1929
35, 20, 0.0051
35, 21, 0.0035
35, 22, 0.0613
35, 23, 0.0182
35, 24, 0.0222
35, 25, 0.0317
35, 26, 0.0339
35, 27, 0.0
35, 28, 0.2975
35, 29, 0.0412
35, 30, 0.036
35, 31, 0.11
35, 32, 0.0122
35, 33, 0.0373
35, 34, 0.1116
35, 35, 1.0
36, 0, 0.0246
36, 1, 0.0448
36, 2, 0.0907
36, 3, 0.0401
36, 4, 0.0394
36, 5, 0.0115
36, 6, 0.024
36, 7, 0.0073
36, 8, 0.002
36, 9, 0.0021
36, 10, 0.1992
36, 11, 0.0264
36, 12, 0.0555
36, 13, 0.0522
36, 14, 0.0058
36, 15, 0.0056
36, 16, 0.0014
36, 17, 0.0008
36, 18, 0.0365
36, 19, 0.014
36, 20, 0.0025
36, 21, 0.0113
36, 22, 0.0051
36, 23, 0.0455
36, 24, 0.0316
36, 25, 0.1939
36, 26, 0.0155
36, 27, 0.296
36, 28, 0.0019
36, 29, 0.0108
36, 30, 0.2618
36, 31, 0.0088
36, 32, 0.0353
36, 33, 0.0294
36, 34, 0.0606
36, 35, 0.0001
36, 36, 1.0
37, 0, 0.0202
37, 1, 0.025
37, 2, 0.0512
37, 3, 0.0885
37, 4, 0.0385
37, 5, 0.0415
37, 6, 0.0111
37, 7, 0.0223
37, 8, 0.0066
37, 9, 0.003
37, 10, 0.0155
37, 11, 0.2038
37, 12, 0.0251
37, 13, 0.0556
37, 14, 0.0467
37, 15, 0.006
37, 16, 0.0042
37, 17, 0.2295
37, 18, 0.0015
37, 19, 0.0387
37, 20, 0.0153
37, 21, 0.028
37, 22, 0.0104
37, 23, 0.0498
37, 24, 0.042
37, 25, 0.0312
37, 26, 0.1916
37, 27, 0.0007
37, 28, 0.2944
37, 29, 0.0023
37, 30, 0.0368
37, 31, 0.2541
37, 32, 0.0276
37, 33, 0.0343
37, 34, 0.031
37, 35, 0.1917
37, 36, 0.0008
37, 37, 1.0
38, 0, 0.0057
38, 1, 0.0144
38, 2, 0.0821
38, 3, 0.0183
38, 4, 0.0394
38, 5, 0.0425
38, 6, 0.0105
38, 7, 0.023
38, 8, 0.006
38, 9, 0.0024
38, 10, 0.0916
38, 11, 0.0256
38, 12, 0.0092
38, 13, 0.0558
38, 14, 0.0494
38, 15, 0.0054
38, 16, 0.0038
38, 17, 0.0247
38, 18, 0.005
38, 19, 0.0367
38, 20, 0.0144
38, 21, 0.0224
38, 22, 0.0092
38, 23, 0.0369
38, 24, 0.0248
38, 25, 0.017
38, 26, 0.1919
38, 27, 0.0455
38, 28, 0.0353
38, 29, 0.0205
38, 30, 0.2975
38, 31, 0.0306
38, 32, 0.2587
38, 33, 0.0075
38, 34, 0.0101
38, 35, 0.0212
38, 36, 0.0773
38, 37, 0.1125
38, 38, 1.0
39, 0, 0.0182
39, 1, 0.0219
39, 2, 0.0485
39, 3, 0.051
39, 4, 0.0183
39, 5, 0.0261
39, 6, 0.0358
39, 7, 0.0217
39, 8, 0.0067
39, 9, 0.0023
39, 10, 0.0099
39, 11, 0.0998
39, 12, 0.0562
39, 13, 0.0007
39, 14, 0.1101
39, 15, 0.0068
39, 16, 0.003
39, 17, 0.0469
39, 18, 0.078
39, 19, 0.0394
39, 20, 0.0348
39, 21, 0.0473
39, 22, 0.0118
39, 23, 0.0236
39, 24, 0.2238
39, 25, 0.0121
39, 26, 0.0015
39, 27, 0.0238
39, 28, 0.0318
39, 29, 0.2569
39, 30, 0.0087
39, 31, 0.1874
39, 32, 0.1082
39, 33, 0.3058
39, 34, 0.038
39, 35, 0.003
39, 36, 0.0104
39, 37, 0.1063
39, 38, 0.0378
39, 39, 1.0
40, 0, 0.0064
40, 1, 0.011
40, 2, 0.0277
40, 3, 0.0111
40, 4, 0.0149
40, 5, 0.008
40, 6, 0.0099
40, 7, 0.0064
40, 8, 0.002
40, 9, 0.0009
40, 10, 0.0545
40, 11, 0.0117
40, 12, 0.0448
40, 13, 0.0068
40, 14, 0.0339
40, 15, 0.0017
40, 16, 0.0016
40, 17, 0.0009
40, 18, 0.0598
40, 19, 0.001
40, 20, 0.0114
40, 21, 0.0353
40, 22, 0.0003
40, 23, 0.0184
40, 24, 0.0257
40, 25, 0.0099
40, 26, 0.0214
40, 27, 0.2273
40, 28, 0.012
40, 29, 0.1863
40, 30, 0.0345
40, 31, 0.0024
40, 32, 0.1887
40, 33, 0.0347
40, 34, 0.0214
40, 35, 0.0178
40, 36, 0.0569
40, 37, 0.0335
40, 38, 0.1054
40, 39, 0.1087
40, 40, 1.0
41, 0, 0.0191
41, 1, 0.0439
41, 2, 0.0455
41, 3, 0.017
41, 4, 0.023
41, 5, 0.0264
41, 6, 0.0073
41, 7, 0.0136
41, 8, 0.005
41, 9, 0.0016
41, 10, 0.0862
41, 11, 0.0559
41, 12, 0.0005
41, 13, 0.0328
41, 14, 0.0326
41, 15, 0.003
41, 16, 0.003
41, 17, 0.0579
41, 18, 0.012
41, 19, 0.0221
41, 20, 0.0095
41, 21, 0.0115
41, 22, 0.0074
41, 23, 0.2032
41, 24, 0.0116
41, 25, 0.0004
41, 26, 0.1172
41, 27, 0.0248
41, 28, 0.0777
41, 29, 0.037
41, 30, 0.0535
41, 31, 0.0644
41, 32, 0.0474
41, 33, 0.011
41, 34, 0.0001
41, 35, 0.0469
41, 36, 0.0347
41, 37, 0.256
41, 38, 0.1925
41, 39, 0.0382
41, 40, 0.0023
41, 41, 1.0
42, 0, 0.0173
42, 1, 0.0194
42, 2, 0.0435
42, 3, 0.0447
42, 4, 0.0172
42, 5, 0.0227
42, 6, 0.0245
42, 7, 0.006
42, 8, 0.0144
42, 9, 0.0046
42, 10, 0.0113
42, 11, 0.0923
42, 12, 0.0525
42, 13, 0.0005
42, 14, 0.0342
42, 15, 0.0319
42, 16, 0.0032
42, 17, 0.0412
42, 18, 0.0554
42, 19, 0.0108
42, 20, 0.0199
42, 21, 0.0126
42, 22, 0.0116
42, 23, 0.0232
42, 24, 0.2014
42, 25, 0.0111
42, 26, 0.0007
42, 27, 0.0204
42, 28, 0.0245
42, 29, 0.0759
42, 30, 0.0071
42, 31, 0.0581
42, 32, 0.0324
42, 33, 0.2219
42, 34, 0.0105
42, 35, 0.0008
42, 36, 0.007
42, 37, 0.0333
42, 38, 0.0099
42, 39, 0.309
42, 40, 0.0336
42, 41, 0.0096
42, 42, 1.0
43, 0, 0.0063
43, 1, 0.0183
43, 2, 0.0196
43, 3, 0.0448
43, 4, 0.0436
43, 5, 0.0201
43, 6, 0.0254
43, 7, 0.0255
43, 8, 0.0066
43, 9, 0.0139
43, 10, 0.0103
43, 11, 0.0089
43, 12, 0.0886
43, 13, 0.0503
43, 14, 0.0011
43, 15, 0.0333
43, 16, 0.0302
43, 17, 0.0094
43, 18, 0.0366
43, 19, 0.0589
43, 20, 0.0119
43, 21, 0.0427
43, 22, 0.0162
43, 23, 0.0055
43, 24, 0.0248
43, 25, 0.2051
43, 26, 0.012
43, 27, 0.0179
43, 28, 0.0213
43, 29, 0.0268
43, 30, 0.0107
43, 31, 0.007
43, 32, 0.0002
43, 33, 0.0111
43, 34, 0.2183
43, 35, 0.024
43, 36, 0.0381
43, 37, 0.0054
43, 38, 0.0022
43, 39, 0.0097
43, 40, 0.0056
43, 41, 0.0
43, 42, 0.0102
43, 43, 1.0
44, 0, 0.0083
44, 1, 0.0169
44, 2, 0.0211
44, 3, 0.0049
44, 4, 0.0109
44, 5, 0.0095
44, 6, 0.0205
44, 7, 0.025
44, 8, 0.0078
44, 9, 0.0125
44, 10, 0.0258
44, 11, 0.0195
44, 12, 0.0004
44, 13, 0.0042
44, 14, 0.0056
44, 15, 0.0351
44, 16, 0.0272
44, 17, 0.0239
44, 18, 0.0004
44, 19, 0.0042
44, 20, 0.003
44, 21, 0.0013
44, 22, 0.0015
44, 23, 0.0822
44, 24, 0.0039
44, 25, 0.0064
44, 26, 0.0015
44, 27, 0.0098
44, 28, 0.009
44, 29, 0.0001
44, 30, 0.0064
44, 31, 0.0113
44, 32, 0.0092
44, 33, 0.0088
44, 34, 0.0068
44, 35, 0.0112
44, 36, 0.0203
44, 37, 0.0074
44, 38, 0.0051
44, 39, 0.0014
44, 40, 0.0053
44, 41, 0.0242
44, 42, 0.0043
44, 43, 0.0256
44, 44, 1.0
45, 0, 0.0059
45, 1, 0.0091
45, 2, 0.0302
45, 3, 0.0078
45, 4, 0.0161
45, 5, 0.0076
45, 6, 0.0095
45, 7, 0.0025
45, 8, 0.0043
45, 9, 0.0012
45, 10, 0.0479
45, 11, 0.009
45, 12, 0.0372
45, 13, 0.005
45, 14, 0.0132
45, 15, 0.0099
45, 16, 0.0013
45, 17, 0.001
45, 18, 0.0408
45, 19, 0.0002
45, 20, 0.0064
45, 21, 0.0116
45, 22, 0.0053
45, 23, 0.0177
45, 24, 0.0218
45, 25, 0.0095
45, 26, 0.006
45, 27, 0.2094
45, 28, 0.0096
45, 29, 0.0553
45, 30, 0.0249
45, 31, 0.0009
45, 32, 0.0559
45, 33, 0.024
45, 34, 0.0053
45, 35, 0.004
45, 36, 0.0423
45, 37, 0.0109
45, 38, 0.0338
45, 39, 0.0331
45, 40, 0.3006
45, 41, 0.0004
45, 42, 0.1112
45, 43, 0.0055
45, 44, 0.008
45, 45, 1.0
46, 0, 0.0028
46, 1, 0.0083
46, 2, 0.0153
46, 3, 0.0152
46, 4, 0.0101
46, 5, 0.024
46, 6, 0.0264
46, 7, 0.0056
46, 8, 0.0117
46, 9, 0.0044
46, 10, 0.0807
46, 11, 0.024
46, 12, 0.0012
46, 13, 0.005
46, 14, 0.0366
46, 15, 0.0303
46, 16, 0.0026
46, 17, 0.0566
46, 18, 0.0007
46, 19, 0.0042
46, 20, 0.023
46, 21, 0.0004
46, 22, 0.0122
46, 23, 0.0909
46, 24, 0.0112
46, 25, 0.0063
46, 26, 0.0075
46, 27, 0.0249
46, 28, 0.0118
46, 29, 0.0009
46, 30, 0.0091
46, 31, 0.077
46, 32, 0.0562
46, 33, 0.0114
46, 34, 0.0057
46, 35, 0.0104
46, 36, 0.0215
46, 37, 0.0188
46, 38, 0.0143
46, 39, 0.0155
46, 40, 0.0358
46, 41, 0.0761
46, 42, 0.0488
46, 43, 0.0048
46, 44, 0.0724
46, 45, 0.1141
46, 46, 1.0
47, 0, 0.0062
47, 1, 0.0106
47, 2, 0.0205
47, 3, 0.0084
47, 4, 0.0119
47, 5, 0.0038
47, 6, 0.004
47, 7, 0.0077
47, 8, 0.0041
47, 9, 0.0009
47, 10, 0.0491
47, 11, 0.0067
47, 12, 0.0162
47, 13, 0.0124
47, 14, 0.0001
47, 15, 0.0223
47, 16, 0.0015
47, 17, 0.0001
47, 18, 0.005
47, 19, 0.0131
47, 20, 0.0057
47, 21, 0.0108
47, 22, 0.0081
47, 23, 0.0084
47, 24, 0.0113
47, 25, 0.0415
47, 26, 0.0027
47, 27, 0.0967
47, 28, 0.0004
47, 29, 0.0086
47, 30, 0.0575
47, 31, 0.0053
47, 32, 0.0008
47, 33, 0.0054
47, 34, 0.0606
47, 35, 0.0005
47, 36, 0.2282
47, 37, 0.0
47, 38, 0.0164
47, 39, 0.0038
47, 40, 0.0337
47, 41, 0.0076
47, 42, 0.0118
47, 43, 0.059
47, 44, 0.0292
47, 45, 0.1022
47, 46, 0.0365
47, 47, 1.0
48, 0, 0.0078
48, 1, 0.009
48, 2, 0.0038
48, 3, 0.0356
48, 4, 0.1119
48, 5, 0.0551
48, 6, 0.1888
48, 7, 0.0532
48, 8, 0.0177
48, 9, 0.0192
48, 10, 0.0004
48, 11, 0.0203
48, 12, 0.0521
48, 13, 0.1154
48, 14, 0.0559
48, 15, 0.0431
48, 16, 0.0179
48, 17, 0.0326
48, 18, 0.1968
48, 19, 0.0342
48, 20, 0.0204
48, 21, 0.057
48, 22, 0.0123
48, 23, 0.0128
48, 24, 0.061
48, 25, 0.1156
48, 26, 0.0346
48, 27, 0.0349
48, 28, 0.1076
48, 29, 0.0539
48, 30, 0.0228
48, 31, 0.0338
48, 32, 0.0102
48, 33, 0.1903
48, 34, 0.0333
48, 35, 0.0347
48, 36, 0.0033
48, 37, 0.0309
48, 38, 0.0064
48, 39, 0.0593
48, 40, 0.0342
48, 41, 0.0186
48, 42, 0.0442
48, 43, 0.0229
48, 44, 0.016
48, 45, 0.0253
48, 46, 0.0196
48, 47, 0.0007
48, 48, 1.0
49, 0, 0.0015
49, 1, 0.0077
49, 2, 0.0074
49, 3, 0.003
49, 4, 0.037
49, 5, 0.1089
49, 6, 0.0607
49, 7, 0.1934
49, 8, 0.0569
49, 9, 0.02
49, 10, 0.0008
49, 11, 0.0004
49, 12, 0.0229
49, 13, 0.0601
49, 14, 0.1115
49, 15, 0.0582
49, 16, 0.0462
49, 17, 0.0214
49, 18, 0.0383
49, 19, 0.1875
49, 20, 0.0372
49, 21, 0.1155
49, 22, 0.0581
49, 23, 0.0065
49, 24, 0.0107
49, 25, 0.0551
49, 26, 0.1175
49, 27, 0.0031
49, 28, 0.0374
49, 29, 0.1035
49, 30, 0.0099
49, 31, 0.0194
49, 32, 0.0202
49, 33, 0.0267
49, 34, 0.1917
49, 35, 0.1157
49, 36, 0.0104
49, 37, 0.0031
49, 38, 0.022
49, 39, 0.0593
49, 40, 0.0198
49, 41, 0.0417
49, 42, 0.0153
49, 43, 0.0418
49, 44, 0.0044
49, 45, 0.0066
49, 46, 0.005
49, 47, 0.0109
49, 48, 0.0084
49, 49, 1.0
