# primitive_MRO = (<class 'qiskit.primitives.statevector_sampler.StatevectorSampler'>, <class 'qiskit.primitives.base.base_sampler.BaseSamplerV2'>, <class 'abc.ABC'>, <class 'object'>)
# num_shots = 10000
# encoding_layer_config = {'n_layers': 1, 'initial_layer': 'ry', 'entangling_layer': 'ryy', 'n_atom_to_qubit': 1, 'interleaved': None}
# noise_model_path = ../data/backends/fez_2024_12_22.noise_model.pkl
# backend_path = ../data/backends/fez_2024_12_22.backend_image.pkl
# sampler_type = statevector
# i, j, expectation-value
0, 0, 1.0
1, 0, 0.2992
1, 1, 1.0
2, 0, 0.1105
2, 1, 0.3105
2, 2, 1.0
3, 0, 0.0932
3, 1, 0.1189
3, 2, 0.3028
3, 3, 1.0
4, 0, 0.035
4, 1, 0.0956
4, 2, 0.1123
4, 3, 0.2987
4, 4, 1.0
5, 0, 0.007
5, 1, 0.0343
5, 2, 0.0965
5, 3, 0.1153
5, 4, 0.3017
5, 5, 1.0
6, 0, 0.0086
6, 1, 0.0082
6, 2, 0.0357
6, 3, 0.0944
6, 4, 0.1136
6, 5, 0.2924
6, 6, 1.0
7, 0, 0.0055
7, 1, 0.0076
7, 2, 0.0074
7, 3, 0.0392
7, 4, 0.0972
7, 5, 0.118
7, 6, 0.3055
7, 7, 1.0
8, 0, 0.0006
8, 1, 0.0044
8, 2, 0.0064
8, 3, 0.0089
8, 4, 0.0356
8, 5, 0.096
8, 6, 0.1162
8, 7, 0.3068
8, 8, 1.0
9, 0, 0.2214
9, 1, 0.3
9, 2, 0.1898
9, 3, 0.0572
9, 4, 0.0219
9, 5, 0.0192
9, 6, 0.0065
9, 7, 0.0014
9, 8, 0.0022
9, 9, 1.0
10, 0, 0.0755
10, 1, 0.1153
10, 2, 0.0555
10, 3, 0.1877
10, 4, 0.0569
10, 5, 0.0196
10, 6, 0.0152
10, 7, 0.0057
10, 8, 0.0012
10, 9, 0.2948
10, 10, 1.0
11, 0, 0.0184
11, 1, 0.0949
11, 2, 0.0184
11, 3, 0.0541
11, 4, 0.1874
11, 5, 0.0583
11, 6, 0.023
11, 7, 0.0177
11, 8, 0.0064
11, 9, 0.1193
11, 10, 0.307
11, 11, 1.0
12, 0, 0.0224
12, 1, 0.0341
12, 2, 0.0172
12, 3, 0.0222
12, 4, 0.0532
12, 5, 0.1889
12, 6, 0.0529
12, 7, 0.0208
12, 8, 0.0177
12, 9, 0.0968
12, 10, 0.1171
12, 11, 0.3023
12, 12, 1.0
13, 0, 0.0082
13, 1, 0.0094
13, 2, 0.0069
13, 3, 0.0176
13, 4, 0.0229
13, 5, 0.0553
13, 6, 0.1928
13, 7, 0.0547
13, 8, 0.0211
13, 9, 0.037
13, 10, 0.0964
13, 11, 0.1113
13, 12, 0.2974
13, 13, 1.0
14, 0, 0.0018
14, 1, 0.0075
14, 2, 0.0017
14, 3, 0.0073
14, 4, 0.0199
14, 5, 0.0215
14, 6, 0.0597
14, 7, 0.1908
14, 8, 0.0564
14, 9, 0.0101
14, 10, 0.0385
14, 11, 0.0966
14, 12, 0.1144
14, 13, 0.2989
14, 14, 1.0
15, 0, 0.0021
15, 1, 0.0043
15, 2, 0.0013
15, 3, 0.0011
15, 4, 0.0075
15, 5, 0.0179
15, 6, 0.0216
15, 7, 0.0556
15, 8, 0.1838
15, 9, 0.0072
15, 10, 0.0074
15, 11, 0.0349
15, 12, 0.0957
15, 13, 0.1129
15, 14, 0.303
15, 15, 1.0
16, 0, 0.0026
16, 1, 0.0011
16, 2, 0.0004
16, 3, 0.0013
16, 4, 0.0001
16, 5, 0.0
16, 6, 0.0
16, 7, 0.0
16, 8, 0.0
16, 9, 0.0031
16, 10, 0.0058
16, 11, 0.0114
16, 12, 0.0035
16, 13, 0.001
16, 14, 0.0013
16, 15, 0.0005
16, 16, 1.0
17, 0, 0.0029
17, 1, 0.0001
17, 2, 0.0001
17, 3, 0.0011
17, 4, 0.0001
17, 5, 0.0
17, 6, 0.0001
17, 7, 0.0001
17, 8, 0.0
17, 9, 0.0003
17, 10, 0.0007
17, 11, 0.0034
17, 12, 0.0112
17, 13, 0.0026
17, 14, 0.0011
17, 15, 0.0012
17, 16, 0.3078
17, 17, 1.0
18, 0, 0.0005
18, 1, 0.0001
18, 2, 0.0
18, 3, 0.0
18, 4, 0.0
18, 5, 0.0001
18, 6, 0.0001
18, 7, 0.0
18, 8, 0.0
18, 9, 0.0011
18, 10, 0.0003
18, 11, 0.0012
18, 12, 0.0023
18, 13, 0.0094
18, 14, 0.003
18, 15, 0.0018
18, 16, 0.1176
18, 17, 0.3042
18, 18, 1.0
19, 0, 0.0004
19, 1, 0.0001
19, 2, 0.0
19, 3, 0.0002
19, 4, 0.0
19, 5, 0.0
19, 6, 0.0
19, 7, 0.0
19, 8, 0.0
19, 9, 0.0009
19, 10, 0.0005
19, 11, 0.0016
19, 12, 0.0007
19, 13, 0.0029
19, 14, 0.0086
19, 15, 0.0024
19, 16, 0.0985
19, 17, 0.1146
19, 18, 0.2945
19, 19, 1.0
20, 0, 0.0002
20, 1, 0.0
20, 2, 0.0
20, 3, 0.0001
20, 4, 0.0
20, 5, 0.0
20, 6, 0.0001
20, 7, 0.0
20, 8, 0.0002
20, 9, 0.0
20, 10, 0.0003
20, 11, 0.0007
20, 12, 0.0017
20, 13, 0.0015
20, 14, 0.0031
20, 15, 0.0094
20, 16, 0.0354
20, 17, 0.0962
20, 18, 0.1095
20, 19, 0.2972
20, 20, 1.0
21, 0, 0.0017
21, 1, 0.0002
21, 2, 0.0004
21, 3, 0.0
21, 4, 0.0009
21, 5, 0.0
21, 6, 0.0
21, 7, 0.0
21, 8, 0.0
21, 9, 0.001
21, 10, 0.0006
21, 11, 0.0002
21, 12, 0.0016
21, 13, 0.0041
21, 14, 0.0015
21, 15, 0.0006
21, 16, 0.0094
21, 17, 0.0103
21, 18, 0.0349
21, 19, 0.0098
21, 20, 0.0046
21, 21, 1.0
22, 0, 0.0
22, 1, 0.0
22, 2, 0.0
22, 3, 0.0
22, 4, 0.0
22, 5, 0.0
22, 6, 0.0001
22, 7, 0.0005
22, 8, 0.0002
22, 9, 0.0001
22, 10, 0.0
22, 11, 0.0009
22, 12, 0.0006
22, 13, 0.0017
22, 14, 0.0053
22, 15, 0.0019
22, 16, 0.0036
22, 17, 0.0032
22, 18, 0.0102
22, 19, 0.0337
22, 20, 0.0111
22, 21, 0.3006
22, 22, 1.0
23, 0, 0.0
23, 1, 0.0
23, 2, 0.0002
23, 3, 0.0
23, 4, 0.0002
23, 5, 0.0
23, 6, 0.0001
23, 7, 0.0
23, 8, 0.0002
23, 9, 0.0
23, 10, 0.0
23, 11, 0.0001
23, 12, 0.0005
23, 13, 0.0005
23, 14, 0.0012
23, 15, 0.004
23, 16, 0.0011
23, 17, 0.0037
23, 18, 0.0036
23, 19, 0.0094
23, 20, 0.0362
23, 21, 0.1235
23, 22, 0.2952
23, 23, 1.0
24, 0, 0.0001
24, 1, 0.0
24, 2, 0.0002
24, 3, 0.0
24, 4, 0.0
24, 5, 0.0
24, 6, 0.0
24, 7, 0.0
24, 8, 0.0001
24, 9, 0.0
24, 10, 0.0
24, 11, 0.0
24, 12, 0.0
24, 13, 0.0
24, 14, 0.0
24, 15, 0.0
24, 16, 0.0002
24, 17, 0.0071
24, 18, 0.0065
24, 19, 0.02
24, 20, 0.0667
24, 21, 0.0045
24, 22, 0.0106
24, 23, 0.0353
24, 24, 1.0
25, 0, 0.0977
25, 1, 0.2296
25, 2, 0.3034
25, 3, 0.1977
25, 4, 0.061
25, 5, 0.0242
25, 6, 0.0194
25, 7, 0.0079
25, 8, 0.0014
25, 9, 0.059
25, 10, 0.1143
25, 11, 0.0353
25, 12, 0.0128
25, 13, 0.0107
25, 14, 0.0027
25, 15, 0.0008
25, 16, 0.0001
25, 17, 0.0
25, 18, 0.0
25, 19, 0.0
25, 20, 0.0
25, 21, 0.0
25, 22, 0.0
25, 23, 0.0002
25, 24, 0.0
25, 25, 1.0
26, 0, 0.0384
26, 1, 0.0733
26, 2, 0.111
26, 3, 0.0593
26, 4, 0.1949
26, 5, 0.0538
26, 6, 0.0198
26, 7, 0.0177
26, 8, 0.0066
26, 9, 0.0206
26, 10, 0.0352
26, 11, 0.1199
26, 12, 0.034
26, 13, 0.0126
26, 14, 0.0117
26, 15, 0.0043
26, 16, 0.0002
26, 17, 0.0002
26, 18, 0.0
26, 19, 0.0
26, 20, 0.0
26, 21, 0.0004
26, 22, 0.0
26, 23, 0.0
26, 24, 0.0
26, 25, 0.2945
26, 26, 1.0
27, 0, 0.0088
27, 1, 0.0206
27, 2, 0.0966
27, 3, 0.0163
27, 4, 0.0546
27, 5, 0.1885
27, 6, 0.0538
27, 7, 0.0198
27, 8, 0.0178
27, 9, 0.0183
27, 10, 0.0141
27, 11, 0.0338
27, 12, 0.1191
27, 13, 0.0356
27, 14, 0.0148
27, 15, 0.0095
27, 16, 0.0002
27, 17, 0.0008
27, 18, 0.0002
27, 19, 0.0
27, 20, 0.0
27, 21, 0.0
27, 22, 0.0
27, 23, 0.0001
27, 24, 0.0
27, 25, 0.1138
27, 26, 0.2998
27, 27, 1.0
28, 0, 0.2023
28, 1, 0.2202
28, 2, 0.0553
28, 3, 0.1145
28, 4, 0.0351
28, 5, 0.0133
28, 6, 0.0125
28, 7, 0.0045
28, 8, 0.0014
28, 9, 0.3053
28, 10, 0.1782
28, 11, 0.0537
28, 12, 0.0201
28, 13, 0.0165
28, 14, 0.0057
28, 15, 0.0014
28, 16, 0.0032
28, 17, 0.0031
28, 18, 0.0006
28, 19, 0.0002
28, 20, 0.0
28, 21, 0.001
28, 22, 0.0003
28, 23, 0.0002
28, 24, 0.0003
28, 25, 0.2634
28, 26, 0.0761
28, 27, 0.0299
28, 28, 1.0
29, 0, 0.061
29, 1, 0.0655
29, 2, 0.0218
29, 3, 0.0354
29, 4, 0.1098
29, 5, 0.0338
29, 6, 0.0122
29, 7, 0.0088
29, 8, 0.0039
29, 9, 0.1149
29, 10, 0.0583
29, 11, 0.1856
29, 12, 0.0577
29, 13, 0.0223
29, 14, 0.0207
29, 15, 0.0074
29, 16, 0.0059
29, 17, 0.0018
29, 18, 0.0003
29, 19, 0.0005
29, 20, 0.0002
29, 21, 0.0004
29, 22, 0.0007
29, 23, 0.0007
29, 24, 0.0
29, 25, 0.0775
29, 26, 0.2545
29, 27, 0.0716
29, 28, 0.291
29, 29, 1.0
30, 0, 0.0111
30, 1, 0.019
30, 2, 0.0183
30, 3, 0.012
30, 4, 0.0382
30, 5, 0.113
30, 6, 0.0351
30, 7, 0.0134
30, 8, 0.0106
30, 9, 0.095
30, 10, 0.0249
30, 11, 0.0579
30, 12, 0.1971
30, 13, 0.0556
30, 14, 0.0206
30, 15, 0.0192
30, 16, 0.0011
30, 17, 0.0047
30, 18, 0.0023
30, 19, 0.0008
30, 20, 0.0007
30, 21, 0.0019
30, 22, 0.0005
30, 23, 0.001
30, 24, 0.0002
30, 25, 0.0273
30, 26, 0.0769
30, 27, 0.2553
30, 28, 0.1178
30, 29, 0.301
30, 30, 1.0
31, 0, 0.0895
31, 1, 0.0984
31, 2, 0.225
31, 3, 0.3035
31, 4, 0.1909
31, 5, 0.0557
31, 6, 0.0214
31, 7, 0.02
31, 8, 0.0076
31, 9, 0.0426
31, 10, 0.053
31, 11, 0.0357
31, 12, 0.0103
31, 13, 0.0051
31, 14, 0.0033
31, 15, 0.0007
31, 16, 0.0
31, 17, 0.0006
31, 18, 0.0002
31, 19, 0.0
31, 20, 0.0
31, 21, 0.0001
31, 22, 0.0
31, 23, 0.0
31, 24, 0.0
31, 25, 0.0552
31, 26, 0.1094
31, 27, 0.0358
31, 28, 0.0346
31, 29, 0.0033
31, 30, 0.0008
31, 31, 1.0
32, 0, 0.0512
32, 1, 0.0912
32, 2, 0.0455
32, 3, 0.0586
32, 4, 0.0328
32, 5, 0.0122
32, 6, 0.005
32, 7, 0.0033
32, 8, 0.0011
32, 9, 0.2308
32, 10, 0.3003
32, 11, 0.1828
32, 12, 0.057
32, 13, 0.0195
32, 14, 0.0175
32, 15, 0.0062
32, 16, 0.0012
32, 17, 0.001
32, 18, 0.0003
32, 19, 0.0001
32, 20, 0.0002
32, 21, 0.0003
32, 22, 0.0
32, 23, 0.0
32, 24, 0.0002
32, 25, 0.0343
32, 26, 0.0041
32, 27, 0.0005
32, 28, 0.0626
32, 29, 0.1088
32, 30, 0.035
32, 31, 0.1906
32, 32, 1.0
33, 0, 0.0007
33, 1, 0.0001
33, 2, 0.0
33, 3, 0.0008
33, 4, 0.0007
33, 5, 0.0001
33, 6, 0.0001
33, 7, 0.0
33, 8, 0.0
33, 9, 0.0026
33, 10, 0.0034
33, 11, 0.0069
33, 12, 0.007
33, 13, 0.002
33, 14, 0.0016
33, 15, 0.0009
33, 16, 0.0586
33, 17, 0.1915
33, 18, 0.0543
33, 19, 0.0201
33, 20, 0.0198
33, 21, 0.0032
33, 22, 0.0011
33, 23, 0.0015
33, 24, 0.0002
33, 25, 0.0
33, 26, 0.0002
33, 27, 0.0002
33, 28, 0.001
33, 29, 0.0028
33, 30, 0.0076
33, 31, 0.0
33, 32, 0.0022
33, 33, 1.0
34, 0, 0.0259
34, 1, 0.0932
34, 2, 0.1004
34, 3, 0.2211
34, 4, 0.2967
34, 5, 0.1915
34, 6, 0.0553
34, 7, 0.022
34, 8, 0.0195
34, 9, 0.0177
34, 10, 0.0448
34, 11, 0.0587
34, 12, 0.0368
34, 13, 0.0093
34, 14, 0.0035
34, 15, 0.0026
34, 16, 0.0011
34, 17, 0.0
34, 18, 0.0001
34, 19, 0.0001
34, 20, 0.0001
34, 21, 0.0007
34, 22, 0.0004
34, 23, 0.0
34, 24, 0.0002
34, 25, 0.0388
34, 26, 0.0553
34, 27, 0.0356
34, 28, 0.0229
34, 29, 0.0293
34, 30, 0.021
34, 31, 0.0583
34, 32, 0.012
34, 33, 0.0
34, 34, 1.0
35, 0, 0.0163
35, 1, 0.086
35, 2, 0.0177
35, 3, 0.0421
35, 4, 0.0572
35, 5, 0.0384
35, 6, 0.0103
35, 7, 0.0032
35, 8, 0.0024
35, 9, 0.0915
35, 10, 0.2254
35, 11, 0.2902
35, 12, 0.1872
35, 13, 0.0562
35, 14, 0.0222
35, 15, 0.0175
35, 16, 0.0057
35, 17, 0.0016
35, 18, 0.0012
35, 19, 0.0008
35, 20, 0.0002
35, 21, 0.0006
35, 22, 0.0008
35, 23, 0.0004
35, 24, 0.0
35, 25, 0.027
35, 26, 0.0308
35, 27, 0.022
35, 28, 0.046
35, 29, 0.0559
35, 30, 0.0346
35, 31, 0.0126
35, 32, 0.0581
35, 33, 0.0027
35, 34, 0.1883
35, 35, 1.0
36, 0, 0.0003
36, 1, 0.0001
36, 2, 0.0
36, 3, 0.0001
36, 4, 0.0
36, 5, 0.0002
36, 6, 0.0001
36, 7, 0.0
36, 8, 0.0
36, 9, 0.0001
36, 10, 0.0004
36, 11, 0.0007
36, 12, 0.0001
36, 13, 0.0007
36, 14, 0.0011
36, 15, 0.0003
36, 16, 0.0928
36, 17, 0.0211
36, 18, 0.0589
36, 19, 0.1867
36, 20, 0.0602
36, 21, 0.0229
36, 22, 0.0882
36, 23, 0.0259
36, 24, 0.005
36, 25, 0.0
36, 26, 0.0
36, 27, 0.0
36, 28, 0.0003
36, 29, 0.0006
36, 30, 0.0002
36, 31, 0.0
36, 32, 0.0002
36, 33, 0.0134
36, 34, 0.0
36, 35, 0.0012
36, 36, 1.0
37, 0, 0.0008
37, 1, 0.0002
37, 2, 0.0
37, 3, 0.0001
37, 4, 0.0
37, 5, 0.0
37, 6, 0.0
37, 7, 0.0
37, 8, 0.0
37, 9, 0.0001
37, 10, 0.0003
37, 11, 0.0006
37, 12, 0.001
37, 13, 0.0004
37, 14, 0.0027
37, 15, 0.0006
37, 16, 0.0707
37, 17, 0.118
37, 18, 0.0603
37, 19, 0.1964
37, 20, 0.0589
37, 21, 0.0006
37, 22, 0.0061
37, 23, 0.0016
37, 24, 0.0127
37, 25, 0.0
37, 26, 0.0001
37, 27, 0.0004
37, 28, 0.0006
37, 29, 0.0003
37, 30, 0.0008
37, 31, 0.0
37, 32, 0.0003
37, 33, 0.0207
37, 34, 0.0003
37, 35, 0.0001
37, 36, 0.1142
37, 37, 1.0
38, 0, 0.0059
38, 1, 0.0007
38, 2, 0.0
38, 3, 0.0001
38, 4, 0.0002
38, 5, 0.0
38, 6, 0.0
38, 7, 0.0
38, 8, 0.0
38, 9, 0.0044
38, 10, 0.0044
38, 11, 0.0004
38, 12, 0.0002
38, 13, 0.0005
38, 14, 0.0
38, 15, 0.0
38, 16, 0.0069
38, 17, 0.0056
38, 18, 0.001
38, 19, 0.0004
38, 20, 0.0004
38, 21, 0.0026
38, 22, 0.0005
38, 23, 0.0001
38, 24, 0.0
38, 25, 0.0002
38, 26, 0.0001
38, 27, 0.0
38, 28, 0.0063
38, 29, 0.0022
38, 30, 0.0003
38, 31, 0.0
38, 32, 0.0034
38, 33, 0.0002
38, 34, 0.0
38, 35, 0.0002
38, 36, 0.0008
38, 37, 0.0016
38, 38, 1.0
39, 0, 0.0043
39, 1, 0.0
39, 2, 0.0009
39, 3, 0.0002
39, 4, 0.0001
39, 5, 0.0
39, 6, 0.0
39, 7, 0.0
39, 8, 0.0
39, 9, 0.0002
39, 10, 0.0014
39, 11, 0.0011
39, 12, 0.0
39, 13, 0.0002
39, 14, 0.0002
39, 15, 0.0
39, 16, 0.001
39, 17, 0.0012
39, 18, 0.0001
39, 19, 0.0001
39, 20, 0.0002
39, 21, 0.0004
39, 22, 0.0
39, 23, 0.0
39, 24, 0.0
39, 25, 0.0001
39, 26, 0.0004
39, 27, 0.0
39, 28, 0.0009
39, 29, 0.0008
39, 30, 0.0001
39, 31, 0.0003
39, 32, 0.0012
39, 33, 0.0
39, 34, 0.0001
39, 35, 0.0009
39, 36, 0.0001
39, 37, 0.0002
39, 38, 0.2883
39, 39, 1.0
40, 0, 0.0003
40, 1, 0.0004
40, 2, 0.0004
40, 3, 0.0005
40, 4, 0.0001
40, 5, 0.0
40, 6, 0.0
40, 7, 0.0
40, 8, 0.0
40, 9, 0.0017
40, 10, 0.0
40, 11, 0.0
40, 12, 0.0001
40, 13, 0.0001
40, 14, 0.0
40, 15, 0.0
40, 16, 0.0109
40, 17, 0.0026
40, 18, 0.0017
40, 19, 0.0016
40, 20, 0.0005
40, 21, 0.0002
40, 22, 0.0
40, 23, 0.0
40, 24, 0.0
40, 25, 0.0
40, 26, 0.0001
40, 27, 0.0002
40, 28, 0.0001
40, 29, 0.0008
40, 30, 0.0005
40, 31, 0.0
40, 32, 0.0008
40, 33, 0.0027
40, 34, 0.0002
40, 35, 0.0001
40, 36, 0.0008
40, 37, 0.0002
40, 38, 0.1111
40, 39, 0.3066
40, 40, 1.0
41, 0, 0.0009
41, 1, 0.0001
41, 2, 0.0001
41, 3, 0.0001
41, 4, 0.0009
41, 5, 0.0002
41, 6, 0.0
41, 7, 0.0
41, 8, 0.0
41, 9, 0.0018
41, 10, 0.0
41, 11, 0.0003
41, 12, 0.0001
41, 13, 0.0
41, 14, 0.0001
41, 15, 0.0001
41, 16, 0.0214
41, 17, 0.0066
41, 18, 0.0027
41, 19, 0.0022
41, 20, 0.0006
41, 21, 0.0011
41, 22, 0.0
41, 23, 0.0002
41, 24, 0.0
41, 25, 0.0001
41, 26, 0.0001
41, 27, 0.0
41, 28, 0.0012
41, 29, 0.0002
41, 30, 0.0
41, 31, 0.0003
41, 32, 0.0
41, 33, 0.0049
41, 34, 0.0001
41, 35, 0.0
41, 36, 0.0011
41, 37, 0.0018
41, 38, 0.096
41, 39, 0.1098
41, 40, 0.3046
41, 41, 1.0
42, 0, 0.0012
42, 1, 0.0009
42, 2, 0.0017
42, 3, 0.0001
42, 4, 0.0068
42, 5, 0.0022
42, 6, 0.0009
42, 7, 0.0005
42, 8, 0.0004
42, 9, 0.0096
42, 10, 0.0031
42, 11, 0.0276
42, 12, 0.007
42, 13, 0.0027
42, 14, 0.0028
42, 15, 0.001
42, 16, 0.1142
42, 17, 0.0381
42, 18, 0.0155
42, 19, 0.0133
42, 20, 0.0053
42, 21, 0.001
42, 22, 0.0008
42, 23, 0.0002
42, 24, 0.0
42, 25, 0.0021
42, 26, 0.0009
42, 27, 0.0001
42, 28, 0.0067
42, 29, 0.0098
42, 30, 0.0012
42, 31, 0.0065
42, 32, 0.0169
42, 33, 0.0094
42, 34, 0.0003
42, 35, 0.0055
42, 36, 0.0129
42, 37, 0.0099
42, 38, 0.0565
42, 39, 0.0314
42, 40, 0.0132
42, 41, 0.1245
42, 42, 1.0
43, 0, 0.0008
43, 1, 0.0098
43, 2, 0.0035
43, 3, 0.0259
43, 4, 0.0081
43, 5, 0.0028
43, 6, 0.0025
43, 7, 0.0006
43, 8, 0.0002
43, 9, 0.0059
43, 10, 0.0096
43, 11, 0.0012
43, 12, 0.0014
43, 13, 0.0012
43, 14, 0.0002
43, 15, 0.0
43, 16, 0.0192
43, 17, 0.0083
43, 18, 0.0068
43, 19, 0.003
43, 20, 0.0006
43, 21, 0.0
43, 22, 0.0
43, 23, 0.0
43, 24, 0.0003
43, 25, 0.0194
43, 26, 0.0064
43, 27, 0.0023
43, 28, 0.0294
43, 29, 0.0061
43, 30, 0.001
43, 31, 0.0059
43, 32, 0.0067
43, 33, 0.0074
43, 34, 0.0051
43, 35, 0.0008
43, 36, 0.0016
43, 37, 0.0021
43, 38, 0.1492
43, 39, 0.0457
43, 40, 0.2668
43, 41, 0.0904
43, 42, 0.0149
43, 43, 1.0
44, 0, 0.0105
44, 1, 0.0005
44, 2, 0.0012
44, 3, 0.0097
44, 4, 0.0036
44, 5, 0.001
44, 6, 0.0014
44, 7, 0.0005
44, 8, 0.0001
44, 9, 0.0071
44, 10, 0.0313
44, 11, 0.0083
44, 12, 0.0034
44, 13, 0.0023
44, 14, 0.001
44, 15, 0.0003
44, 16, 0.1281
44, 17, 0.0434
44, 18, 0.0255
44, 19, 0.0155
44, 20, 0.0035
44, 21, 0.0011
44, 22, 0.0001
44, 23, 0.0
44, 24, 0.0
44, 25, 0.0024
44, 26, 0.003
44, 27, 0.0007
44, 28, 0.0167
44, 29, 0.0099
44, 30, 0.0029
44, 31, 0.0015
44, 32, 0.0087
44, 33, 0.0313
44, 34, 0.0025
44, 35, 0.0071
44, 36, 0.008
44, 37, 0.0122
44, 38, 0.0046
44, 39, 0.0
44, 40, 0.0009
44, 41, 0.0003
44, 42, 0.0172
44, 43, 0.1329
44, 44, 1.0
45, 0, 0.0029
45, 1, 0.0005
45, 2, 0.0015
45, 3, 0.0027
45, 4, 0.0104
45, 5, 0.0036
45, 6, 0.0012
45, 7, 0.0009
45, 8, 0.0003
45, 9, 0.0085
45, 10, 0.0089
45, 11, 0.0268
45, 12, 0.0103
45, 13, 0.0055
45, 14, 0.0017
45, 15, 0.0011
45, 16, 0.2879
45, 17, 0.0879
45, 18, 0.0338
45, 19, 0.0262
45, 20, 0.0098
45, 21, 0.0018
45, 22, 0.0014
45, 23, 0.0008
45, 24, 0.0
45, 25, 0.0036
45, 26, 0.0026
45, 27, 0.0008
45, 28, 0.0083
45, 29, 0.018
45, 30, 0.0062
45, 31, 0.0026
45, 32, 0.0053
45, 33, 0.0434
45, 34, 0.0026
45, 35, 0.0099
45, 36, 0.0239
45, 37, 0.0191
45, 38, 0.0001
45, 39, 0.0002
45, 40, 0.0
45, 41, 0.0007
45, 42, 0.1294
45, 43, 0.042
45, 44, 0.3006
45, 45, 1.0
46, 0, 0.0005
46, 1, 0.0006
46, 2, 0.0014
46, 3, 0.0015
46, 4, 0.003
46, 5, 0.01
46, 6, 0.0032
46, 7, 0.0008
46, 8, 0.001
46, 9, 0.0028
46, 10, 0.0036
46, 11, 0.0063
46, 12, 0.031
46, 13, 0.0091
46, 14, 0.0038
46, 15, 0.0021
46, 16, 0.0875
46, 17, 0.2952
46, 18, 0.0844
46, 19, 0.0315
46, 20, 0.029
46, 21, 0.0065
46, 22, 0.0023
46, 23, 0.0015
46, 24, 0.0
46, 25, 0.001
46, 26, 0.0007
46, 27, 0.0028
46, 28, 0.0014
46, 29, 0.0049
46, 30, 0.0153
46, 31, 0.0006
46, 32, 0.0003
46, 33, 0.1167
46, 34, 0.0026
46, 35, 0.0056
46, 36, 0.0032
46, 37, 0.0304
46, 38, 0.0008
46, 39, 0.0005
46, 40, 0.0
46, 41, 0.0004
46, 42, 0.0424
46, 43, 0.0141
46, 44, 0.1157
46, 45, 0.2962
46, 46, 1.0
47, 0, 0.0008
47, 1, 0.0015
47, 2, 0.0015
47, 3, 0.0012
47, 4, 0.0021
47, 5, 0.0068
47, 6, 0.0015
47, 7, 0.0006
47, 8, 0.0008
47, 9, 0.0089
47, 10, 0.0009
47, 11, 0.0083
47, 12, 0.0257
47, 13, 0.0084
47, 14, 0.0028
47, 15, 0.0022
47, 16, 0.0425
47, 17, 0.1121
47, 18, 0.0336
47, 19, 0.0132
47, 20, 0.0114
47, 21, 0.004
47, 22, 0.0014
47, 23, 0.0012
47, 24, 0.0037
47, 25, 0.0007
47, 26, 0.0001
47, 27, 0.0012
47, 28, 0.0022
47, 29, 0.0018
47, 30, 0.0097
47, 31, 0.0032
47, 32, 0.006
47, 33, 0.0123
47, 34, 0.0016
47, 35, 0.0054
47, 36, 0.0047
47, 37, 0.0149
47, 38, 0.0502
47, 39, 0.0304
47, 40, 0.0075
47, 41, 0.0401
47, 42, 0.2975
47, 43, 0.0078
47, 44, 0.009
47, 45, 0.0412
47, 46, 0.1303
47, 47, 1.0
48, 0, 0.0009
48, 1, 0.0001
48, 2, 0.0002
48, 3, 0.0005
48, 4, 0.0001
48, 5, 0.0009
48, 6, 0.0003
48, 7, 0.0
48, 8, 0.0
48, 9, 0.0002
48, 10, 0.0009
48, 11, 0.0019
48, 12, 0.0065
48, 13, 0.0017
48, 14, 0.0005
48, 15, 0.0006
48, 16, 0.0272
48, 17, 0.0778
48, 18, 0.0264
48, 19, 0.008
48, 20, 0.0067
48, 21, 0.088
48, 22, 0.0343
48, 23, 0.0255
48, 24, 0.0014
48, 25, 0.0006
48, 26, 0.0002
48, 27, 0.0
48, 28, 0.0013
48, 29, 0.001
48, 30, 0.0039
48, 31, 0.0019
48, 32, 0.0
48, 33, 0.0466
48, 34, 0.0003
48, 35, 0.0008
48, 36, 0.0011
48, 37, 0.0094
48, 38, 0.0022
48, 39, 0.0002
48, 40, 0.0009
48, 41, 0.0028
48, 42, 0.0078
48, 43, 0.0044
48, 44, 0.0
48, 45, 0.0
48, 46, 0.0003
48, 47, 0.0237
48, 48, 1.0
49, 0, 0.0014
49, 1, 0.0106
49, 2, 0.0006
49, 3, 0.0051
49, 4, 0.009
49, 5, 0.0049
49, 6, 0.002
49, 7, 0.0003
49, 8, 0.0005
49, 9, 0.0017
49, 10, 0.0004
49, 11, 0.0013
49, 12, 0.0022
49, 13, 0.0006
49, 14, 0.0
49, 15, 0.0
49, 16, 0.0215
49, 17, 0.0115
49, 18, 0.004
49, 19, 0.0015
49, 20, 0.0018
49, 21, 0.0029
49, 22, 0.001
49, 23, 0.0012
49, 24, 0.0001
49, 25, 0.0043
49, 26, 0.005
49, 27, 0.0049
49, 28, 0.006
49, 29, 0.0061
49, 30, 0.0064
49, 31, 0.0015
49, 32, 0.0016
49, 33, 0.0281
49, 34, 0.0258
49, 35, 0.0107
49, 36, 0.0083
49, 37, 0.0012
49, 38, 0.1208
49, 39, 0.0265
49, 40, 0.0682
49, 41, 0.09
49, 42, 0.0393
49, 43, 0.2236
49, 44, 0.0319
49, 45, 0.041
49, 46, 0.0261
49, 47, 0.0309
49, 48, 0.0061
49, 49, 1.0
50, 0, 0.0004
50, 1, 0.0009
50, 2, 0.0015
50, 3, 0.001
50, 4, 0.001
50, 5, 0.002
50, 6, 0.0013
50, 7, 0.0002
50, 8, 0.0
50, 9, 0.0076
50, 10, 0.0006
50, 11, 0.0043
50, 12, 0.0085
50, 13, 0.0052
50, 14, 0.0013
50, 15, 0.001
50, 16, 0.0331
50, 17, 0.0414
50, 18, 0.0238
50, 19, 0.0082
50, 20, 0.0021
50, 21, 0.002
50, 22, 0.0003
50, 23, 0.0001
50, 24, 0.0011
50, 25, 0.0005
50, 26, 0.0002
50, 27, 0.0001
50, 28, 0.0025
50, 29, 0.0006
50, 30, 0.0014
50, 31, 0.0023
50, 32, 0.0042
50, 33, 0.0094
50, 34, 0.0
50, 35, 0.0019
50, 36, 0.0115
50, 37, 0.0362
50, 38, 0.05
50, 39, 0.0284
50, 40, 0.0075
50, 41, 0.0307
50, 42, 0.2308
50, 43, 0.0073
50, 44, 0.0092
50, 45, 0.0303
50, 46, 0.0442
50, 47, 0.2946
50, 48, 0.0068
50, 49, 0.0065
50, 50, 1.0
51, 0, 0.0
51, 1, 0.0
51, 2, 0.0
51, 3, 0.0004
51, 4, 0.0
51, 5, 0.0001
51, 6, 0.0
51, 7, 0.0007
51, 8, 0.0002
51, 9, 0.0
51, 10, 0.0001
51, 11, 0.0001
51, 12, 0.0003
51, 13, 0.0006
51, 14, 0.0012
51, 15, 0.0008
51, 16, 0.0258
51, 17, 0.0321
51, 18, 0.0905
51, 19, 0.2856
51, 20, 0.0812
51, 21, 0.0209
51, 22, 0.0775
51, 23, 0.0214
51, 24, 0.0876
51, 25, 0.0
51, 26, 0.0001
51, 27, 0.0
51, 28, 0.0
51, 29, 0.0006
51, 30, 0.0004
51, 31, 0.0001
51, 32, 0.0007
51, 33, 0.0204
51, 34, 0.0008
51, 35, 0.0001
51, 36, 0.0653
51, 37, 0.054
51, 38, 0.0002
51, 39, 0.0002
51, 40, 0.0005
51, 41, 0.0002
51, 42, 0.016
51, 43, 0.0
51, 44, 0.0005
51, 45, 0.0008
51, 46, 0.0012
51, 47, 0.0209
51, 48, 0.0002
51, 49, 0.0001
51, 50, 0.0099
51, 51, 1.0
52, 0, 0.0014
52, 1, 0.0002
52, 2, 0.0
52, 3, 0.0001
52, 4, 0.0
52, 5, 0.0
52, 6, 0.0001
52, 7, 0.0
52, 8, 0.0
52, 9, 0.001
52, 10, 0.0001
52, 11, 0.0004
52, 12, 0.0011
52, 13, 0.0007
52, 14, 0.0021
52, 15, 0.0004
52, 16, 0.0002
52, 17, 0.0012
52, 18, 0.0005
52, 19, 0.0016
52, 20, 0.0005
52, 21, 0.0051
52, 22, 0.0137
52, 23, 0.0039
52, 24, 0.0029
52, 25, 0.001
52, 26, 0.0001
52, 27, 0.0001
52, 28, 0.0
52, 29, 0.0001
52, 30, 0.0004
52, 31, 0.0002
52, 32, 0.0005
52, 33, 0.0058
52, 34, 0.0
52, 35, 0.0001
52, 36, 0.0021
52, 37, 0.0092
52, 38, 0.0003
52, 39, 0.0035
52, 40, 0.0004
52, 41, 0.0019
52, 42, 0.0186
52, 43, 0.0011
52, 44, 0.0088
52, 45, 0.0211
52, 46, 0.0304
52, 47, 0.0327
52, 48, 0.0151
52, 49, 0.0014
52, 50, 0.0794
52, 51, 0.0074
52, 52, 1.0
53, 0, 0.0005
53, 1, 0.001
53, 2, 0.0025
53, 3, 0.0009
53, 4, 0.0014
53, 5, 0.0024
53, 6, 0.0005
53, 7, 0.0009
53, 8, 0.0001
53, 9, 0.0109
53, 10, 0.001
53, 11, 0.0058
53, 12, 0.005
53, 13, 0.001
53, 14, 0.0029
53, 15, 0.0008
53, 16, 0.03
53, 17, 0.0336
53, 18, 0.0093
53, 19, 0.0124
53, 20, 0.0039
53, 21, 0.0002
53, 22, 0.0013
53, 23, 0.0004
53, 24, 0.0005
53, 25, 0.0011
53, 26, 0.0
53, 27, 0.0
53, 28, 0.0022
53, 29, 0.0006
53, 30, 0.0008
53, 31, 0.0026
53, 32, 0.0048
53, 33, 0.0104
53, 34, 0.0
53, 35, 0.0008
53, 36, 0.0118
53, 37, 0.0218
53, 38, 0.0476
53, 39, 0.0255
53, 40, 0.0073
53, 41, 0.025
53, 42, 0.2034
53, 43, 0.0076
53, 44, 0.0093
53, 45, 0.0304
53, 46, 0.0313
53, 47, 0.2236
53, 48, 0.0054
53, 49, 0.0058
53, 50, 0.2972
53, 51, 0.0182
53, 52, 0.0549
53, 53, 1.0
54, 0, 0.0
54, 1, 0.0
54, 2, 0.0003
54, 3, 0.0006
54, 4, 0.0009
54, 5, 0.0014
54, 6, 0.0022
54, 7, 0.0014
54, 8, 0.0003
54, 9, 0.0017
54, 10, 0.0011
54, 11, 0.0032
54, 12, 0.0052
54, 13, 0.0073
54, 14, 0.0048
54, 15, 0.0015
54, 16, 0.0104
54, 17, 0.0275
54, 18, 0.0331
54, 19, 0.0228
54, 20, 0.0071
54, 21, 0.0029
54, 22, 0.0031
54, 23, 0.0013
54, 24, 0.0021
54, 25, 0.0
54, 26, 0.0001
54, 27, 0.0003
54, 28, 0.0004
54, 29, 0.0013
54, 30, 0.0025
54, 31, 0.0021
54, 32, 0.0027
54, 33, 0.0023
54, 34, 0.0009
54, 35, 0.0013
54, 36, 0.0036
54, 37, 0.0117
54, 38, 0.0036
54, 39, 0.0039
54, 40, 0.0053
54, 41, 0.012
54, 42, 0.096
54, 43, 0.0052
54, 44, 0.0051
54, 45, 0.012
54, 46, 0.0277
54, 47, 0.2235
54, 48, 0.0049
54, 49, 0.0062
54, 50, 0.0564
54, 51, 0.0308
54, 52, 0.0341
54, 53, 0.255
54, 54, 1.0
